0 0
0 0
0 0
0 0
1.5247 0.0010449
1.7597 0.0020899
1.7888 0.0031348
1.7938 0.0041797
1.8046 0.0052247
1.8402 0.0062696
1.9344 0.0073145
1.9675 0.0083595
2.0061 0.0094044
2.0313 0.010449
2.0341 0.011494
2.045 0.012539
2.0511 0.013584
2.0573 0.014629
2.0666 0.015674
2.068 0.016719
2.0713 0.017764
2.0838 0.018809
2.0852 0.019854
2.0877 0.020899
2.0897 0.021944
2.0937 0.022989
2.0955 0.024033
2.0978 0.025078
2.0983 0.026123
2.0991 0.027168
2.0996 0.028213
2.1033 0.029258
2.1033 0.030303
2.1086 0.031348
2.1098 0.032393
2.1153 0.033438
2.1156 0.034483
2.1168 0.035528
2.117 0.036573
2.1222 0.037618
2.1233 0.038662
2.1241 0.039707
2.1268 0.040752
2.13 0.041797
2.1301 0.042842
2.1321 0.043887
2.1343 0.044932
2.1364 0.045977
2.1408 0.047022
2.141 0.048067
2.145 0.049112
2.1486 0.050157
2.1486 0.051202
2.1513 0.052247
2.1521 0.053292
2.1534 0.054336
2.1542 0.055381
2.1594 0.056426
2.1615 0.057471
2.1616 0.058516
2.1619 0.059561
2.1619 0.060606
2.1619 0.061651
2.1623 0.062696
2.1634 0.063741
2.1685 0.064786
2.1698 0.065831
2.1722 0.066876
2.1729 0.067921
2.1742 0.068966
2.1756 0.07001
2.1761 0.071055
2.1802 0.0721
2.1841 0.073145
2.185 0.07419
2.1855 0.075235
2.1869 0.07628
2.1869 0.077325
2.1886 0.07837
2.1899 0.079415
2.1916 0.08046
2.1924 0.081505
2.1936 0.08255
2.1941 0.083595
2.1949 0.084639
2.1969 0.085684
2.2 0.086729
2.2034 0.087774
2.204 0.088819
2.2049 0.089864
2.2098 0.090909
2.2103 0.091954
2.2128 0.092999
2.2157 0.094044
2.216 0.095089
2.2178 0.096134
2.2181 0.097179
2.2195 0.098224
2.2199 0.099269
2.2201 0.10031
2.2212 0.10136
2.2216 0.1024
2.2236 0.10345
2.224 0.10449
2.2245 0.10554
2.2248 0.10658
2.2253 0.10763
2.2255 0.10867
2.2282 0.10972
2.2288 0.11076
2.2292 0.11181
2.2305 0.11285
2.2309 0.1139
2.232 0.11494
2.2321 0.11599
2.2321 0.11703
2.2323 0.11808
2.2334 0.11912
2.2344 0.12017
2.235 0.12121
2.2363 0.12226
2.2379 0.1233
2.2382 0.12435
2.2388 0.12539
2.2394 0.12644
2.2402 0.12748
2.2423 0.12853
2.2427 0.12957
2.2451 0.13062
2.2455 0.13166
2.2461 0.13271
2.2469 0.13375
2.2476 0.1348
2.2483 0.13584
2.2486 0.13689
2.2486 0.13793
2.2509 0.13898
2.2515 0.14002
2.2531 0.14107
2.2539 0.14211
2.2544 0.14316
2.2552 0.1442
2.2555 0.14525
2.2579 0.14629
2.2593 0.14734
2.2597 0.14838
2.2598 0.14943
2.2601 0.15047
2.2614 0.15152
2.2628 0.15256
2.2638 0.15361
2.2647 0.15465
2.2658 0.15569
2.2661 0.15674
2.2662 0.15778
2.2672 0.15883
2.27 0.15987
2.2701 0.16092
2.2704 0.16196
2.2706 0.16301
2.2711 0.16405
2.2711 0.1651
2.2713 0.16614
2.273 0.16719
2.2739 0.16823
2.2741 0.16928
2.2763 0.17032
2.2768 0.17137
2.2775 0.17241
2.2777 0.17346
2.2797 0.1745
2.2808 0.17555
2.2826 0.17659
2.283 0.17764
2.2837 0.17868
2.284 0.17973
2.2847 0.18077
2.285 0.18182
2.2864 0.18286
2.2866 0.18391
2.2875 0.18495
2.288 0.186
2.2881 0.18704
2.2889 0.18809
2.289 0.18913
2.29 0.19018
2.2903 0.19122
2.2903 0.19227
2.2916 0.19331
2.2918 0.19436
2.2924 0.1954
2.2933 0.19645
2.2941 0.19749
2.2947 0.19854
2.2959 0.19958
2.2965 0.20063
2.297 0.20167
2.2977 0.20272
2.2981 0.20376
2.3002 0.20481
2.301 0.20585
2.3018 0.2069
2.3021 0.20794
2.3024 0.20899
2.3038 0.21003
2.3041 0.21108
2.3043 0.21212
2.3044 0.21317
2.3047 0.21421
2.3074 0.21526
2.3077 0.2163
2.3079 0.21735
2.3082 0.21839
2.3089 0.21944
2.3091 0.22048
2.3093 0.22153
2.3095 0.22257
2.3101 0.22362
2.3117 0.22466
2.312 0.22571
2.312 0.22675
2.3124 0.2278
2.313 0.22884
2.3131 0.22989
2.3144 0.23093
2.3148 0.23197
2.3153 0.23302
2.3166 0.23406
2.3174 0.23511
2.3182 0.23615
2.3188 0.2372
2.3191 0.23824
2.3193 0.23929
2.3196 0.24033
2.3211 0.24138
2.3211 0.24242
2.3214 0.24347
2.3214 0.24451
2.3226 0.24556
2.3237 0.2466
2.3245 0.24765
2.325 0.24869
2.3257 0.24974
2.326 0.25078
2.3265 0.25183
2.3268 0.25287
2.3282 0.25392
2.329 0.25496
2.3294 0.25601
2.3294 0.25705
2.3296 0.2581
2.3301 0.25914
2.3323 0.26019
2.3324 0.26123
2.3334 0.26228
2.3337 0.26332
2.3341 0.26437
2.3342 0.26541
2.3342 0.26646
2.3351 0.2675
2.3352 0.26855
2.3365 0.26959
2.3371 0.27064
2.3407 0.27168
2.342 0.27273
2.342 0.27377
2.3433 0.27482
2.3455 0.27586
2.3458 0.27691
2.3459 0.27795
2.3464 0.279
2.347 0.28004
2.3475 0.28109
2.3487 0.28213
2.3498 0.28318
2.3509 0.28422
2.3515 0.28527
2.3525 0.28631
2.3535 0.28736
2.3538 0.2884
2.355 0.28945
2.3568 0.29049
2.3572 0.29154
2.3582 0.29258
2.3584 0.29363
2.3588 0.29467
2.3597 0.29572
2.3602 0.29676
2.3603 0.29781
2.3607 0.29885
2.3617 0.2999
2.3617 0.30094
2.3621 0.30199
2.3627 0.30303
2.3641 0.30408
2.3645 0.30512
2.3646 0.30617
2.3646 0.30721
2.365 0.30825
2.3658 0.3093
2.366 0.31034
2.3667 0.31139
2.3693 0.31243
2.3694 0.31348
2.3699 0.31452
2.3703 0.31557
2.3708 0.31661
2.3721 0.31766
2.3729 0.3187
2.373 0.31975
2.374 0.32079
2.374 0.32184
2.374 0.32288
2.3741 0.32393
2.3747 0.32497
2.3748 0.32602
2.375 0.32706
2.3753 0.32811
2.3758 0.32915
2.3764 0.3302
2.3765 0.33124
2.3766 0.33229
2.3771 0.33333
2.3776 0.33438
2.3782 0.33542
2.3789 0.33647
2.3792 0.33751
2.3802 0.33856
2.3818 0.3396
2.3832 0.34065
2.3859 0.34169
2.3859 0.34274
2.3865 0.34378
2.3867 0.34483
2.3868 0.34587
2.3877 0.34692
2.3888 0.34796
2.39 0.34901
2.3902 0.35005
2.391 0.3511
2.391 0.35214
2.3913 0.35319
2.3919 0.35423
2.3929 0.35528
2.3934 0.35632
2.3938 0.35737
2.3943 0.35841
2.3948 0.35946
2.3958 0.3605
2.3967 0.36155
2.3971 0.36259
2.3984 0.36364
2.3993 0.36468
2.3998 0.36573
2.4009 0.36677
2.401 0.36782
2.4018 0.36886
2.4019 0.36991
2.4019 0.37095
2.402 0.372
2.402 0.37304
2.4027 0.37409
2.404 0.37513
2.4042 0.37618
2.4063 0.37722
2.4075 0.37827
2.4078 0.37931
2.4089 0.38036
2.4102 0.3814
2.4104 0.38245
2.4119 0.38349
2.4124 0.38454
2.4125 0.38558
2.4126 0.38662
2.4129 0.38767
2.4136 0.38871
2.4144 0.38976
2.4151 0.3908
2.4153 0.39185
2.4157 0.39289
2.4161 0.39394
2.4163 0.39498
2.4187 0.39603
2.4192 0.39707
2.42 0.39812
2.4203 0.39916
2.4204 0.40021
2.421 0.40125
2.4212 0.4023
2.4214 0.40334
2.4219 0.40439
2.4221 0.40543
2.4224 0.40648
2.423 0.40752
2.4232 0.40857
2.4249 0.40961
2.4252 0.41066
2.4253 0.4117
2.4254 0.41275
2.426 0.41379
2.4268 0.41484
2.4271 0.41588
2.4279 0.41693
2.4283 0.41797
2.4294 0.41902
2.4295 0.42006
2.4297 0.42111
2.43 0.42215
2.43 0.4232
2.4305 0.42424
2.4309 0.42529
2.4311 0.42633
2.4312 0.42738
2.4322 0.42842
2.4329 0.42947
2.4337 0.43051
2.4349 0.43156
2.4368 0.4326
2.4383 0.43365
2.4388 0.43469
2.439 0.43574
2.4401 0.43678
2.4402 0.43783
2.4405 0.43887
2.4408 0.43992
2.4408 0.44096
2.441 0.44201
2.4417 0.44305
2.4425 0.4441
2.4427 0.44514
2.4444 0.44619
2.4453 0.44723
2.4455 0.44828
2.4455 0.44932
2.4461 0.45037
2.4463 0.45141
2.4468 0.45246
2.4471 0.4535
2.4472 0.45455
2.4476 0.45559
2.4477 0.45664
2.4478 0.45768
2.4481 0.45873
2.4483 0.45977
2.4483 0.46082
2.4503 0.46186
2.4552 0.4629
2.4556 0.46395
2.4561 0.46499
2.4565 0.46604
2.4569 0.46708
2.457 0.46813
2.4577 0.46917
2.4577 0.47022
2.4583 0.47126
2.4587 0.47231
2.4595 0.47335
2.4597 0.4744
2.4602 0.47544
2.4614 0.47649
2.4624 0.47753
2.4631 0.47858
2.4633 0.47962
2.4634 0.48067
2.4645 0.48171
2.4648 0.48276
2.4649 0.4838
2.4668 0.48485
2.4672 0.48589
2.4685 0.48694
2.4686 0.48798
2.4689 0.48903
2.469 0.49007
2.4693 0.49112
2.4693 0.49216
2.4696 0.49321
2.4703 0.49425
2.4708 0.4953
2.4711 0.49634
2.4711 0.49739
2.4718 0.49843
2.4725 0.49948
2.4727 0.50052
2.4727 0.50157
2.4731 0.50261
2.4737 0.50366
2.4744 0.5047
2.4746 0.50575
2.4754 0.50679
2.4764 0.50784
2.4766 0.50888
2.4775 0.50993
2.4789 0.51097
2.479 0.51202
2.4804 0.51306
2.481 0.51411
2.4815 0.51515
2.4817 0.5162
2.4821 0.51724
2.4822 0.51829
2.4825 0.51933
2.4832 0.52038
2.484 0.52142
2.4845 0.52247
2.4847 0.52351
2.4874 0.52456
2.4879 0.5256
2.4898 0.52665
2.4904 0.52769
2.4907 0.52874
2.4907 0.52978
2.4908 0.53083
2.4917 0.53187
2.4919 0.53292
2.4929 0.53396
2.4931 0.53501
2.4948 0.53605
2.4954 0.5371
2.4968 0.53814
2.4972 0.53918
2.4976 0.54023
2.4976 0.54127
2.4977 0.54232
2.498 0.54336
2.4982 0.54441
2.4992 0.54545
2.4994 0.5465
2.4999 0.54754
2.5 0.54859
2.501 0.54963
2.5018 0.55068
2.5025 0.55172
2.5028 0.55277
2.5029 0.55381
2.5033 0.55486
2.504 0.5559
2.5041 0.55695
2.5041 0.55799
2.5045 0.55904
2.5061 0.56008
2.5063 0.56113
2.507 0.56217
2.5081 0.56322
2.5081 0.56426
2.5082 0.56531
2.5084 0.56635
2.5089 0.5674
2.5091 0.56844
2.5093 0.56949
2.5103 0.57053
2.5104 0.57158
2.5105 0.57262
2.5108 0.57367
2.5115 0.57471
2.5116 0.57576
2.514 0.5768
2.5141 0.57785
2.5153 0.57889
2.5165 0.57994
2.5167 0.58098
2.5184 0.58203
2.5185 0.58307
2.5211 0.58412
2.5217 0.58516
2.522 0.58621
2.5235 0.58725
2.5241 0.5883
2.5245 0.58934
2.525 0.59039
2.5255 0.59143
2.5257 0.59248
2.5259 0.59352
2.5274 0.59457
2.53 0.59561
2.53 0.59666
2.5308 0.5977
2.5309 0.59875
2.5316 0.59979
2.5319 0.60084
2.5328 0.60188
2.5344 0.60293
2.5348 0.60397
2.5352 0.60502
2.5357 0.60606
2.5374 0.60711
2.5384 0.60815
2.5386 0.6092
2.5388 0.61024
2.539 0.61129
2.5397 0.61233
2.5397 0.61338
2.5409 0.61442
2.5433 0.61546
2.5439 0.61651
2.5444 0.61755
2.5446 0.6186
2.5449 0.61964
2.5452 0.62069
2.5454 0.62173
2.546 0.62278
2.5462 0.62382
2.5463 0.62487
2.5472 0.62591
2.5483 0.62696
2.5488 0.628
2.5493 0.62905
2.5498 0.63009
2.5499 0.63114
2.5512 0.63218
2.5513 0.63323
2.5523 0.63427
2.554 0.63532
2.5543 0.63636
2.555 0.63741
2.5559 0.63845
2.5561 0.6395
2.5565 0.64054
2.5569 0.64159
2.5571 0.64263
2.5574 0.64368
2.5579 0.64472
2.559 0.64577
2.5594 0.64681
2.5611 0.64786
2.5613 0.6489
2.5631 0.64995
2.5633 0.65099
2.5633 0.65204
2.5654 0.65308
2.5654 0.65413
2.566 0.65517
2.566 0.65622
2.5671 0.65726
2.5672 0.65831
2.5688 0.65935
2.5693 0.6604
2.5697 0.66144
2.5724 0.66249
2.5725 0.66353
2.5731 0.66458
2.5736 0.66562
2.5737 0.66667
2.5738 0.66771
2.574 0.66876
2.5748 0.6698
2.5763 0.67085
2.5773 0.67189
2.5775 0.67294
2.5785 0.67398
2.5799 0.67503
2.5812 0.67607
2.5814 0.67712
2.5823 0.67816
2.5826 0.67921
2.5833 0.68025
2.5855 0.6813
2.5866 0.68234
2.5879 0.68339
2.5898 0.68443
2.5905 0.68548
2.5905 0.68652
2.5909 0.68757
2.591 0.68861
2.5917 0.68966
2.594 0.6907
2.5945 0.69175
2.599 0.69279
2.6013 0.69383
2.6023 0.69488
2.6029 0.69592
2.603 0.69697
2.6034 0.69801
2.6044 0.69906
2.6045 0.7001
2.6063 0.70115
2.6067 0.70219
2.6069 0.70324
2.6093 0.70428
2.6096 0.70533
2.6096 0.70637
2.6096 0.70742
2.6104 0.70846
2.6111 0.70951
2.613 0.71055
2.6133 0.7116
2.616 0.71264
2.618 0.71369
2.6193 0.71473
2.6202 0.71578
2.6203 0.71682
2.6213 0.71787
2.6245 0.71891
2.6259 0.71996
2.6269 0.721
2.6279 0.72205
2.6294 0.72309
2.6298 0.72414
2.6337 0.72518
2.6341 0.72623
2.6359 0.72727
2.6374 0.72832
2.6388 0.72936
2.639 0.73041
2.6394 0.73145
2.6397 0.7325
2.6404 0.73354
2.641 0.73459
2.6414 0.73563
2.6444 0.73668
2.6451 0.73772
2.6467 0.73877
2.6479 0.73981
2.6481 0.74086
2.6498 0.7419
2.6501 0.74295
2.6513 0.74399
2.6514 0.74504
2.6519 0.74608
2.6555 0.74713
2.6571 0.74817
2.6603 0.74922
2.6614 0.75026
2.6617 0.75131
2.6646 0.75235
2.67 0.7534
2.6717 0.75444
2.6727 0.75549
2.6728 0.75653
2.6737 0.75758
2.6739 0.75862
2.679 0.75967
2.6826 0.76071
2.6827 0.76176
2.683 0.7628
2.6842 0.76385
2.6844 0.76489
2.6858 0.76594
2.6858 0.76698
2.6864 0.76803
2.6878 0.76907
2.6882 0.77011
2.6897 0.77116
2.691 0.7722
2.6915 0.77325
2.6923 0.77429
2.6939 0.77534
2.6957 0.77638
2.6975 0.77743
2.6984 0.77847
2.7029 0.77952
2.7069 0.78056
2.7078 0.78161
2.7098 0.78265
2.7105 0.7837
2.7115 0.78474
2.7132 0.78579
2.7136 0.78683
2.716 0.78788
2.7163 0.78892
2.7174 0.78997
2.7182 0.79101
2.7186 0.79206
2.7233 0.7931
2.725 0.79415
2.7305 0.79519
2.731 0.79624
2.7321 0.79728
2.7337 0.79833
2.7338 0.79937
2.7347 0.80042
2.735 0.80146
2.7365 0.80251
2.7386 0.80355
2.741 0.8046
2.7422 0.80564
2.7444 0.80669
2.7445 0.80773
2.7488 0.80878
2.752 0.80982
2.7523 0.81087
2.7577 0.81191
2.7581 0.81296
2.7607 0.814
2.7624 0.81505
2.7626 0.81609
2.7718 0.81714
2.7774 0.81818
2.7816 0.81923
2.7854 0.82027
2.7868 0.82132
2.7912 0.82236
2.7939 0.82341
2.7947 0.82445
2.7998 0.8255
2.8048 0.82654
2.8052 0.82759
2.8059 0.82863
2.8091 0.82968
2.8107 0.83072
2.8214 0.83177
2.8214 0.83281
2.829 0.83386
2.834 0.8349
2.8344 0.83595
2.851 0.83699
2.8545 0.83804
5.4989 0.83908
6.812 0.84013
7.001 0.84117
7.0813 0.84222
7.2961 0.84326
7.3298 0.84431
7.3677 0.84535
7.6285 0.84639
7.6858 0.84744
7.707 0.84848
7.7313 0.84953
7.7819 0.85057
7.7882 0.85162
7.8117 0.85266
7.9311 0.85371
7.9597 0.85475
7.9867 0.8558
8.003 0.85684
8.0076 0.85789
8.0396 0.85893
8.0412 0.85998
8.0571 0.86102
8.0865 0.86207
8.0937 0.86311
8.0978 0.86416
8.1139 0.8652
8.1367 0.86625
8.1402 0.86729
8.1427 0.86834
8.1431 0.86938
8.153 0.87043
8.1577 0.87147
8.1663 0.87252
8.1691 0.87356
8.173 0.87461
8.1733 0.87565
8.1834 0.8767
8.187 0.87774
8.1929 0.87879
8.1963 0.87983
8.2026 0.88088
8.2029 0.88192
8.2086 0.88297
8.2108 0.88401
8.2113 0.88506
8.2143 0.8861
8.2166 0.88715
8.2181 0.88819
8.2181 0.88924
8.2199 0.89028
8.222 0.89133
8.2242 0.89237
8.2243 0.89342
8.2249 0.89446
8.2304 0.89551
8.2305 0.89655
8.2326 0.8976
8.2336 0.89864
8.2416 0.89969
8.2419 0.90073
8.2436 0.90178
8.2441 0.90282
8.2461 0.90387
8.2465 0.90491
8.2468 0.90596
8.2476 0.907
8.2502 0.90805
8.2517 0.90909
8.2519 0.91014
8.2527 0.91118
8.2535 0.91223
8.2556 0.91327
8.2571 0.91432
8.2582 0.91536
8.2592 0.91641
8.2616 0.91745
8.2621 0.9185
8.2648 0.91954
8.2659 0.92059
8.266 0.92163
8.266 0.92268
8.2686 0.92372
8.2693 0.92476
8.2709 0.92581
8.2721 0.92685
8.2722 0.9279
8.2729 0.92894
8.276 0.92999
8.2782 0.93103
8.2793 0.93208
8.2851 0.93312
8.2864 0.93417
8.2893 0.93521
8.2898 0.93626
8.2927 0.9373
8.2952 0.93835
8.2992 0.93939
8.3026 0.94044
8.3061 0.94148
8.3108 0.94253
8.3125 0.94357
8.3132 0.94462
8.317 0.94566
8.3237 0.94671
8.3245 0.94775
8.3324 0.9488
8.3353 0.94984
11.894 0.95089
12.196 0.95193
12.491 0.95298
12.541 0.95402
12.908 0.95507
13.239 0.95611
13.27 0.95716
13.301 0.9582
13.462 0.95925
13.487 0.96029
13.53 0.96134
13.547 0.96238
13.577 0.96343
13.596 0.96447
13.607 0.96552
13.613 0.96656
13.616 0.96761
13.629 0.96865
13.645 0.9697
13.647 0.97074
13.652 0.97179
13.653 0.97283
13.654 0.97388
13.667 0.97492
13.672 0.97597
13.675 0.97701
13.686 0.97806
13.704 0.9791
13.706 0.98015
13.713 0.98119
13.716 0.98224
13.722 0.98328
13.725 0.98433
13.736 0.98537
13.748 0.98642
13.752 0.98746
13.768 0.98851
13.777 0.98955
13.797 0.9906
13.804 0.99164
13.814 0.99269
13.817 0.99373
13.828 0.99478
13.833 0.99582
