2.6756 0.0010582
2.771 0.0021164
2.8969 0.0031746
3.0977 0.0042328
3.1417 0.005291
3.1615 0.0063492
3.1792 0.0074074
3.2218 0.0084656
3.2777 0.0095238
3.3574 0.010582
3.3625 0.01164
3.3854 0.012698
3.3914 0.013757
3.3923 0.014815
3.4169 0.015873
3.4225 0.016931
3.4325 0.017989
3.452 0.019048
3.47 0.020106
3.472 0.021164
3.4845 0.022222
3.4846 0.02328
3.4847 0.024339
3.4855 0.025397
3.4936 0.026455
3.497 0.027513
3.4991 0.028571
3.5014 0.02963
3.5089 0.030688
3.5097 0.031746
3.5153 0.032804
3.5222 0.033862
3.5237 0.034921
3.5267 0.035979
3.528 0.037037
3.5295 0.038095
3.5308 0.039153
3.5347 0.040212
3.536 0.04127
3.5386 0.042328
3.5399 0.043386
3.543 0.044444
3.5438 0.045503
3.544 0.046561
3.5448 0.047619
3.5493 0.048677
3.5508 0.049735
3.5517 0.050794
3.553 0.051852
3.5536 0.05291
3.5539 0.053968
3.5542 0.055026
3.5552 0.056085
3.5554 0.057143
3.5559 0.058201
3.5565 0.059259
3.5566 0.060317
3.557 0.061376
3.557 0.062434
3.5572 0.063492
3.5572 0.06455
3.5574 0.065608
3.5575 0.066667
3.5575 0.067725
3.5576 0.068783
3.558 0.069841
3.5582 0.070899
3.5583 0.071958
3.5585 0.073016
3.5585 0.074074
3.5587 0.075132
3.5589 0.07619
3.5591 0.077249
3.5591 0.078307
3.5594 0.079365
3.5594 0.080423
3.5595 0.081481
3.5606 0.08254
3.5616 0.083598
3.5619 0.084656
3.5626 0.085714
3.5626 0.086772
3.5633 0.087831
3.5636 0.088889
3.564 0.089947
3.564 0.091005
3.5643 0.092063
3.5648 0.093122
3.5649 0.09418
3.5652 0.095238
3.5655 0.096296
3.5659 0.097354
3.566 0.098413
3.5664 0.099471
3.5664 0.10053
3.5671 0.10159
3.5671 0.10265
3.5672 0.1037
3.5673 0.10476
3.5677 0.10582
3.5679 0.10688
3.568 0.10794
3.5681 0.10899
3.5685 0.11005
3.5685 0.11111
3.5687 0.11217
3.5688 0.11323
3.569 0.11429
3.5693 0.11534
3.5695 0.1164
3.5703 0.11746
3.5705 0.11852
3.5706 0.11958
3.5708 0.12063
3.5708 0.12169
3.571 0.12275
3.5711 0.12381
3.5712 0.12487
3.5713 0.12593
3.5714 0.12698
3.5715 0.12804
3.5716 0.1291
3.5717 0.13016
3.5717 0.13122
3.572 0.13228
3.5722 0.13333
3.5724 0.13439
3.5725 0.13545
3.5726 0.13651
3.573 0.13757
3.5734 0.13862
3.5734 0.13968
3.5734 0.14074
3.5737 0.1418
3.5737 0.14286
3.5739 0.14392
3.5744 0.14497
3.5745 0.14603
3.5745 0.14709
3.5747 0.14815
3.5748 0.14921
3.5748 0.15026
3.5749 0.15132
3.5749 0.15238
3.5749 0.15344
3.575 0.1545
3.5752 0.15556
3.5752 0.15661
3.5753 0.15767
3.5757 0.15873
3.5759 0.15979
3.5759 0.16085
3.5761 0.1619
3.5763 0.16296
3.5763 0.16402
3.5764 0.16508
3.5765 0.16614
3.5766 0.1672
3.5767 0.16825
3.5769 0.16931
3.577 0.17037
3.577 0.17143
3.5773 0.17249
3.5776 0.17354
3.5776 0.1746
3.5782 0.17566
3.5784 0.17672
3.5784 0.17778
3.5784 0.17884
3.5784 0.17989
3.5785 0.18095
3.5786 0.18201
3.5786 0.18307
3.5788 0.18413
3.5789 0.18519
3.579 0.18624
3.5791 0.1873
3.5793 0.18836
3.5795 0.18942
3.5796 0.19048
3.58 0.19153
3.58 0.19259
3.58 0.19365
3.5801 0.19471
3.5802 0.19577
3.5804 0.19683
3.5806 0.19788
3.5806 0.19894
3.5806 0.2
3.5806 0.20106
3.581 0.20212
3.5811 0.20317
3.5811 0.20423
3.5813 0.20529
3.5815 0.20635
3.5815 0.20741
3.5817 0.20847
3.5817 0.20952
3.5819 0.21058
3.582 0.21164
3.5821 0.2127
3.5822 0.21376
3.5825 0.21481
3.5825 0.21587
3.5826 0.21693
3.5827 0.21799
3.5831 0.21905
3.5833 0.22011
3.5836 0.22116
3.5837 0.22222
3.5841 0.22328
3.5843 0.22434
3.5846 0.2254
3.5848 0.22646
3.5849 0.22751
3.5849 0.22857
3.585 0.22963
3.5851 0.23069
3.5851 0.23175
3.5852 0.2328
3.5855 0.23386
3.5855 0.23492
3.5858 0.23598
3.586 0.23704
3.5861 0.2381
3.5862 0.23915
3.5863 0.24021
3.5869 0.24127
3.587 0.24233
3.5871 0.24339
3.5871 0.24444
3.5873 0.2455
3.5873 0.24656
3.5875 0.24762
3.5876 0.24868
3.5877 0.24974
3.5879 0.25079
3.588 0.25185
3.5881 0.25291
3.5883 0.25397
3.5883 0.25503
3.5885 0.25608
3.5885 0.25714
3.5888 0.2582
3.5888 0.25926
3.5889 0.26032
3.589 0.26138
3.5891 0.26243
3.5892 0.26349
3.5893 0.26455
3.5893 0.26561
3.5894 0.26667
3.5895 0.26772
3.5896 0.26878
3.5897 0.26984
3.5897 0.2709
3.5897 0.27196
3.5898 0.27302
3.5898 0.27407
3.59 0.27513
3.5901 0.27619
3.5901 0.27725
3.5903 0.27831
3.5903 0.27937
3.5908 0.28042
3.5908 0.28148
3.5911 0.28254
3.5914 0.2836
3.5916 0.28466
3.5919 0.28571
3.5921 0.28677
3.5924 0.28783
3.5926 0.28889
3.5929 0.28995
3.5929 0.29101
3.593 0.29206
3.5931 0.29312
3.5934 0.29418
3.5934 0.29524
3.5936 0.2963
3.5939 0.29735
3.5939 0.29841
3.5941 0.29947
3.5945 0.30053
3.5945 0.30159
3.5946 0.30265
3.5948 0.3037
3.5948 0.30476
3.595 0.30582
3.595 0.30688
3.5951 0.30794
3.5952 0.30899
3.5954 0.31005
3.5954 0.31111
3.5955 0.31217
3.5955 0.31323
3.5956 0.31429
3.5956 0.31534
3.5957 0.3164
3.596 0.31746
3.5962 0.31852
3.5962 0.31958
3.5968 0.32063
3.5968 0.32169
3.5969 0.32275
3.597 0.32381
3.597 0.32487
3.5972 0.32593
3.5974 0.32698
3.5974 0.32804
3.5975 0.3291
3.5975 0.33016
3.5979 0.33122
3.598 0.33228
3.5982 0.33333
3.5984 0.33439
3.5984 0.33545
3.5984 0.33651
3.5984 0.33757
3.5987 0.33862
3.5987 0.33968
3.5987 0.34074
3.5988 0.3418
3.5988 0.34286
3.5992 0.34392
3.5992 0.34497
3.5993 0.34603
3.5994 0.34709
3.5995 0.34815
3.5995 0.34921
3.6 0.35026
3.6001 0.35132
3.6002 0.35238
3.6003 0.35344
3.6003 0.3545
3.6003 0.35556
3.6004 0.35661
3.6005 0.35767
3.6005 0.35873
3.6006 0.35979
3.6006 0.36085
3.6007 0.3619
3.6008 0.36296
3.6009 0.36402
3.601 0.36508
3.6011 0.36614
3.6014 0.3672
3.6014 0.36825
3.6016 0.36931
3.6018 0.37037
3.6019 0.37143
3.6023 0.37249
3.6024 0.37354
3.6024 0.3746
3.6025 0.37566
3.6025 0.37672
3.6027 0.37778
3.6027 0.37884
3.6029 0.37989
3.6029 0.38095
3.6029 0.38201
3.603 0.38307
3.603 0.38413
3.6031 0.38519
3.6032 0.38624
3.6033 0.3873
3.6033 0.38836
3.6034 0.38942
3.6034 0.39048
3.6034 0.39153
3.6034 0.39259
3.6034 0.39365
3.6035 0.39471
3.6035 0.39577
3.6036 0.39683
3.6037 0.39788
3.6038 0.39894
3.6039 0.4
3.604 0.40106
3.604 0.40212
3.6041 0.40317
3.6041 0.40423
3.6042 0.40529
3.6042 0.40635
3.6042 0.40741
3.6044 0.40847
3.6045 0.40952
3.6045 0.41058
3.6046 0.41164
3.6048 0.4127
3.6049 0.41376
3.6049 0.41481
3.605 0.41587
3.605 0.41693
3.6051 0.41799
3.6051 0.41905
3.6051 0.42011
3.6054 0.42116
3.6058 0.42222
3.6059 0.42328
3.6059 0.42434
3.606 0.4254
3.6061 0.42646
3.6062 0.42751
3.6063 0.42857
3.6064 0.42963
3.6064 0.43069
3.6066 0.43175
3.6068 0.4328
3.6068 0.43386
3.6069 0.43492
3.6072 0.43598
3.6074 0.43704
3.6075 0.4381
3.6075 0.43915
3.6076 0.44021
3.6077 0.44127
3.6079 0.44233
3.6081 0.44339
3.6082 0.44444
3.6083 0.4455
3.6083 0.44656
3.6086 0.44762
3.6087 0.44868
3.6088 0.44974
3.6088 0.45079
3.6088 0.45185
3.6089 0.45291
3.6089 0.45397
3.609 0.45503
3.6091 0.45608
3.6091 0.45714
3.6091 0.4582
3.6092 0.45926
3.6092 0.46032
3.6092 0.46138
3.6094 0.46243
3.6095 0.46349
3.6095 0.46455
3.6097 0.46561
3.6097 0.46667
3.6098 0.46772
3.6099 0.46878
3.6099 0.46984
3.6101 0.4709
3.6103 0.47196
3.6105 0.47302
3.6105 0.47407
3.6108 0.47513
3.6109 0.47619
3.6109 0.47725
3.6109 0.47831
3.611 0.47937
3.6111 0.48042
3.6111 0.48148
3.6111 0.48254
3.6111 0.4836
3.6112 0.48466
3.6113 0.48571
3.6113 0.48677
3.6116 0.48783
3.6116 0.48889
3.6117 0.48995
3.6118 0.49101
3.6119 0.49206
3.6121 0.49312
3.6121 0.49418
3.6122 0.49524
3.6124 0.4963
3.6124 0.49735
3.6124 0.49841
3.6125 0.49947
3.6128 0.50053
3.6128 0.50159
3.6129 0.50265
3.613 0.5037
3.6132 0.50476
3.6132 0.50582
3.6134 0.50688
3.6134 0.50794
3.6136 0.50899
3.6136 0.51005
3.6136 0.51111
3.6139 0.51217
3.6139 0.51323
3.6141 0.51429
3.6141 0.51534
3.6142 0.5164
3.6143 0.51746
3.6144 0.51852
3.6146 0.51958
3.6147 0.52063
3.6148 0.52169
3.6149 0.52275
3.6151 0.52381
3.6153 0.52487
3.6154 0.52593
3.6154 0.52698
3.6155 0.52804
3.6157 0.5291
3.6158 0.53016
3.6159 0.53122
3.6166 0.53228
3.6167 0.53333
3.6168 0.53439
3.617 0.53545
3.6171 0.53651
3.6172 0.53757
3.6172 0.53862
3.6173 0.53968
3.6175 0.54074
3.6176 0.5418
3.6178 0.54286
3.6182 0.54392
3.6182 0.54497
3.6182 0.54603
3.6183 0.54709
3.6184 0.54815
3.6184 0.54921
3.6184 0.55026
3.6185 0.55132
3.6187 0.55238
3.6187 0.55344
3.6191 0.5545
3.6192 0.55556
3.6195 0.55661
3.6198 0.55767
3.6199 0.55873
3.62 0.55979
3.6201 0.56085
3.6202 0.5619
3.6202 0.56296
3.6202 0.56402
3.6202 0.56508
3.6202 0.56614
3.6203 0.5672
3.6206 0.56825
3.6207 0.56931
3.6209 0.57037
3.621 0.57143
3.6211 0.57249
3.6212 0.57354
3.6212 0.5746
3.6213 0.57566
3.6217 0.57672
3.6218 0.57778
3.6219 0.57884
3.622 0.57989
3.6221 0.58095
3.6222 0.58201
3.6223 0.58307
3.6224 0.58413
3.6226 0.58519
3.6226 0.58624
3.6227 0.5873
3.6228 0.58836
3.623 0.58942
3.6231 0.59048
3.6237 0.59153
3.624 0.59259
3.6243 0.59365
3.6245 0.59471
3.6246 0.59577
3.6246 0.59683
3.6249 0.59788
3.625 0.59894
3.6251 0.6
3.6251 0.60106
3.6251 0.60212
3.6252 0.60317
3.6254 0.60423
3.6256 0.60529
3.6258 0.60635
3.6259 0.60741
3.6267 0.60847
3.6268 0.60952
3.6268 0.61058
3.6271 0.61164
3.6278 0.6127
3.6279 0.61376
3.6279 0.61481
3.6279 0.61587
3.628 0.61693
3.628 0.61799
3.628 0.61905
3.6281 0.62011
3.6282 0.62116
3.6285 0.62222
3.6285 0.62328
3.6289 0.62434
3.6292 0.6254
3.6292 0.62646
3.6292 0.62751
3.6296 0.62857
3.6297 0.62963
3.6299 0.63069
3.63 0.63175
3.6301 0.6328
3.6301 0.63386
3.6301 0.63492
3.6302 0.63598
3.6303 0.63704
3.6304 0.6381
3.6304 0.63915
3.6306 0.64021
3.6306 0.64127
3.6308 0.64233
3.6308 0.64339
3.631 0.64444
3.631 0.6455
3.6311 0.64656
3.6313 0.64762
3.6313 0.64868
3.6315 0.64974
3.6317 0.65079
3.6317 0.65185
3.6318 0.65291
3.6319 0.65397
3.6319 0.65503
3.632 0.65608
3.6323 0.65714
3.6324 0.6582
3.6329 0.65926
3.6329 0.66032
3.6329 0.66138
3.6329 0.66243
3.633 0.66349
3.6331 0.66455
3.6331 0.66561
3.6332 0.66667
3.6334 0.66772
3.6334 0.66878
3.6335 0.66984
3.6342 0.6709
3.6343 0.67196
3.6344 0.67302
3.6346 0.67407
3.6352 0.67513
3.6353 0.67619
3.6354 0.67725
3.6355 0.67831
3.6356 0.67937
3.6357 0.68042
3.6361 0.68148
3.6361 0.68254
3.6362 0.6836
3.6366 0.68466
3.6366 0.68571
3.6367 0.68677
3.6367 0.68783
3.6369 0.68889
3.6373 0.68995
3.6374 0.69101
3.6376 0.69206
3.6376 0.69312
3.6376 0.69418
3.6379 0.69524
3.6379 0.6963
3.6379 0.69735
3.6382 0.69841
3.6384 0.69947
3.6385 0.70053
3.6389 0.70159
3.6389 0.70265
3.6392 0.7037
3.64 0.70476
3.6401 0.70582
3.6402 0.70688
3.6403 0.70794
3.6405 0.70899
3.6408 0.71005
3.6408 0.71111
3.6409 0.71217
3.6409 0.71323
3.641 0.71429
3.641 0.71534
3.6411 0.7164
3.6412 0.71746
3.6412 0.71852
3.6412 0.71958
3.6416 0.72063
3.6416 0.72169
3.6416 0.72275
3.6418 0.72381
3.6424 0.72487
3.6427 0.72593
3.6429 0.72698
3.643 0.72804
3.6432 0.7291
3.6433 0.73016
3.6434 0.73122
3.6435 0.73228
3.6435 0.73333
3.6441 0.73439
3.6442 0.73545
3.6444 0.73651
3.6451 0.73757
3.6451 0.73862
3.6453 0.73968
3.6454 0.74074
3.6456 0.7418
3.6461 0.74286
3.6468 0.74392
3.6469 0.74497
3.6476 0.74603
3.6477 0.74709
3.6478 0.74815
3.6482 0.74921
3.6492 0.75026
3.6492 0.75132
3.6494 0.75238
3.6496 0.75344
3.6496 0.7545
3.65 0.75556
3.6502 0.75661
3.6505 0.75767
3.6511 0.75873
3.6512 0.75979
3.6513 0.76085
3.6516 0.7619
3.6517 0.76296
3.6517 0.76402
3.6517 0.76508
3.6518 0.76614
3.6518 0.7672
3.652 0.76825
3.6529 0.76931
3.6533 0.77037
3.6534 0.77143
3.6535 0.77249
3.6535 0.77354
3.654 0.7746
3.654 0.77566
3.654 0.77672
3.654 0.77778
3.6542 0.77884
3.6544 0.77989
3.6546 0.78095
3.6548 0.78201
3.6555 0.78307
3.6557 0.78413
3.6563 0.78519
3.6566 0.78624
3.6568 0.7873
3.6576 0.78836
3.6579 0.78942
3.658 0.79048
3.6583 0.79153
3.6584 0.79259
3.6587 0.79365
3.6587 0.79471
3.659 0.79577
3.6591 0.79683
3.6593 0.79788
3.6595 0.79894
3.6596 0.8
3.6598 0.80106
3.6598 0.80212
3.6603 0.80317
3.6605 0.80423
3.6607 0.80529
3.6607 0.80635
3.6608 0.80741
3.6619 0.80847
3.6622 0.80952
3.6623 0.81058
3.6624 0.81164
3.6626 0.8127
3.6629 0.81376
3.6635 0.81481
3.6637 0.81587
3.6638 0.81693
3.6639 0.81799
3.6644 0.81905
3.6646 0.82011
3.665 0.82116
3.6652 0.82222
3.6657 0.82328
3.6658 0.82434
3.6659 0.8254
3.6659 0.82646
3.6666 0.82751
3.6668 0.82857
3.667 0.82963
3.6671 0.83069
3.6673 0.83175
3.6674 0.8328
3.6675 0.83386
3.6675 0.83492
3.6692 0.83598
3.6695 0.83704
3.6696 0.8381
3.6703 0.83915
3.671 0.84021
3.671 0.84127
3.6717 0.84233
3.6722 0.84339
3.6728 0.84444
3.6733 0.8455
3.6733 0.84656
3.6733 0.84762
3.674 0.84868
3.6745 0.84974
3.6746 0.85079
3.675 0.85185
3.675 0.85291
3.6751 0.85397
3.6752 0.85503
3.6756 0.85608
3.6763 0.85714
3.6764 0.8582
3.6774 0.85926
3.6777 0.86032
3.6778 0.86138
3.6783 0.86243
3.6786 0.86349
3.6786 0.86455
3.6788 0.86561
3.6791 0.86667
3.6796 0.86772
3.68 0.86878
3.6801 0.86984
3.6805 0.8709
3.6807 0.87196
3.6817 0.87302
3.6822 0.87407
3.6842 0.87513
3.6846 0.87619
3.6866 0.87725
3.6881 0.87831
3.6932 0.87937
3.6946 0.88042
3.6951 0.88148
3.6957 0.88254
3.6959 0.8836
3.6959 0.88466
3.6962 0.88571
3.6975 0.88677
3.6995 0.88783
3.6997 0.88889
3.6999 0.88995
3.7014 0.89101
3.7015 0.89206
3.7029 0.89312
3.7034 0.89418
3.7063 0.89524
3.7071 0.8963
3.7075 0.89735
3.7081 0.89841
3.7096 0.89947
3.7108 0.90053
3.7121 0.90159
3.7141 0.90265
3.7141 0.9037
3.7185 0.90476
3.7191 0.90582
3.7192 0.90688
3.7205 0.90794
3.7279 0.90899
3.7331 0.91005
3.7343 0.91111
3.7344 0.91217
3.7374 0.91323
3.7375 0.91429
3.7376 0.91534
3.7384 0.9164
3.7396 0.91746
3.7816 0.91852
3.7991 0.91958
3.8208 0.92063
3.8717 0.92169
3.8855 0.92275
4.0133 0.92381
5.4282 0.92487
5.4375 0.92593
5.48 0.92698
5.4972 0.92804
5.5206 0.9291
5.5228 0.93016
5.5232 0.93122
5.527 0.93228
5.5272 0.93333
5.5277 0.93439
5.5313 0.93545
5.5372 0.93651
5.5405 0.93757
5.5431 0.93862
5.5436 0.93968
5.5478 0.94074
5.5482 0.9418
5.5494 0.94286
5.5494 0.94392
5.5498 0.94497
5.5499 0.94603
5.5506 0.94709
5.5512 0.94815
5.5513 0.94921
5.5513 0.95026
5.5539 0.95132
5.5544 0.95238
5.5563 0.95344
5.5564 0.9545
5.5579 0.95556
5.5586 0.95661
5.5587 0.95767
5.5634 0.95873
5.5635 0.95979
5.5641 0.96085
5.5644 0.9619
5.5649 0.96296
5.5663 0.96402
5.5664 0.96508
5.5717 0.96614
5.573 0.9672
5.5754 0.96825
5.578 0.96931
5.58 0.97037
5.5837 0.97143
5.5851 0.97249
5.5929 0.97354
5.6093 0.9746
5.6294 0.97566
5.6483 0.97672
5.674 0.97778
5.7083 0.97884
5.753 0.97989
5.9367 0.98095
8.3175 0.98201
8.3383 0.98307
8.3396 0.98413
8.3435 0.98519
8.3447 0.98624
8.3506 0.9873
8.3549 0.98836
8.3554 0.98942
8.3562 0.99048
8.3599 0.99153
16.099 0.99259
16.106 0.99365
16.152 0.99471
16.154 0.99577
16.163 0.99683
16.178 0.99788
16.179 0.99894
32.054 1
