1.3729 0.0010449
1.4019 0.0020899
1.4427 0.0031348
1.5299 0.0041797
1.5511 0.0052247
1.568 0.0062696
1.5855 0.0073145
1.5936 0.0083595
1.6581 0.0094044
1.6675 0.010449
1.6722 0.011494
1.676 0.012539
1.6816 0.013584
1.6821 0.014629
1.6836 0.015674
1.6998 0.016719
1.7022 0.017764
1.7067 0.018809
1.7085 0.019854
1.715 0.020899
1.716 0.021944
1.7176 0.022989
1.7262 0.024033
1.7276 0.025078
1.729 0.026123
1.7325 0.027168
1.7325 0.028213
1.7338 0.029258
1.7369 0.030303
1.7384 0.031348
1.7395 0.032393
1.74 0.033438
1.7426 0.034483
1.7429 0.035528
1.7433 0.036573
1.7438 0.037618
1.7441 0.038662
1.7446 0.039707
1.7447 0.040752
1.7474 0.041797
1.7475 0.042842
1.748 0.043887
1.7481 0.044932
1.7484 0.045977
1.7484 0.047022
1.7488 0.048067
1.7488 0.049112
1.7494 0.050157
1.7494 0.051202
1.7495 0.052247
1.7496 0.053292
1.7497 0.054336
1.7505 0.055381
1.7506 0.056426
1.7506 0.057471
1.7508 0.058516
1.7508 0.059561
1.7512 0.060606
1.7513 0.061651
1.7514 0.062696
1.7516 0.063741
1.7516 0.064786
1.7517 0.065831
1.7524 0.066876
1.7527 0.067921
1.7527 0.068966
1.7528 0.07001
1.7531 0.071055
1.7533 0.0721
1.7541 0.073145
1.7541 0.07419
1.7542 0.075235
1.7543 0.07628
1.7543 0.077325
1.7544 0.07837
1.7544 0.079415
1.7545 0.08046
1.7545 0.081505
1.7547 0.08255
1.7547 0.083595
1.7549 0.084639
1.7551 0.085684
1.7551 0.086729
1.7551 0.087774
1.7554 0.088819
1.7555 0.089864
1.7556 0.090909
1.7557 0.091954
1.7557 0.092999
1.7559 0.094044
1.7559 0.095089
1.7562 0.096134
1.7562 0.097179
1.7563 0.098224
1.7564 0.099269
1.7565 0.10031
1.7566 0.10136
1.7567 0.1024
1.7568 0.10345
1.757 0.10449
1.757 0.10554
1.757 0.10658
1.7571 0.10763
1.7572 0.10867
1.7574 0.10972
1.7574 0.11076
1.7574 0.11181
1.7576 0.11285
1.7576 0.1139
1.7578 0.11494
1.7578 0.11599
1.758 0.11703
1.758 0.11808
1.7582 0.11912
1.7583 0.12017
1.7583 0.12121
1.7583 0.12226
1.7586 0.1233
1.7586 0.12435
1.7586 0.12539
1.7586 0.12644
1.7587 0.12748
1.7589 0.12853
1.7589 0.12957
1.759 0.13062
1.759 0.13166
1.759 0.13271
1.7594 0.13375
1.7594 0.1348
1.7594 0.13584
1.7596 0.13689
1.7596 0.13793
1.7598 0.13898
1.7598 0.14002
1.7598 0.14107
1.7599 0.14211
1.76 0.14316
1.76 0.1442
1.7601 0.14525
1.7601 0.14629
1.7602 0.14734
1.7602 0.14838
1.7602 0.14943
1.7603 0.15047
1.7603 0.15152
1.7604 0.15256
1.7604 0.15361
1.7605 0.15465
1.7605 0.15569
1.7605 0.15674
1.7606 0.15778
1.7607 0.15883
1.7607 0.15987
1.7607 0.16092
1.7608 0.16196
1.7608 0.16301
1.7608 0.16405
1.7609 0.1651
1.761 0.16614
1.761 0.16719
1.7611 0.16823
1.7611 0.16928
1.7612 0.17032
1.7612 0.17137
1.7613 0.17241
1.7614 0.17346
1.7614 0.1745
1.7614 0.17555
1.7615 0.17659
1.7616 0.17764
1.7616 0.17868
1.7619 0.17973
1.7619 0.18077
1.762 0.18182
1.7621 0.18286
1.7622 0.18391
1.7622 0.18495
1.7622 0.186
1.7622 0.18704
1.7623 0.18809
1.7623 0.18913
1.7624 0.19018
1.7624 0.19122
1.7624 0.19227
1.7624 0.19331
1.7624 0.19436
1.7624 0.1954
1.7625 0.19645
1.7626 0.19749
1.7628 0.19854
1.7629 0.19958
1.7632 0.20063
1.7632 0.20167
1.7632 0.20272
1.7632 0.20376
1.7632 0.20481
1.7634 0.20585
1.7634 0.2069
1.7635 0.20794
1.7636 0.20899
1.7636 0.21003
1.7636 0.21108
1.7636 0.21212
1.7637 0.21317
1.7638 0.21421
1.7639 0.21526
1.7639 0.2163
1.7639 0.21735
1.764 0.21839
1.7642 0.21944
1.7643 0.22048
1.7643 0.22153
1.7643 0.22257
1.7644 0.22362
1.7645 0.22466
1.7645 0.22571
1.7645 0.22675
1.7646 0.2278
1.7647 0.22884
1.7647 0.22989
1.7647 0.23093
1.7647 0.23197
1.7648 0.23302
1.7648 0.23406
1.7649 0.23511
1.7649 0.23615
1.7649 0.2372
1.765 0.23824
1.765 0.23929
1.765 0.24033
1.765 0.24138
1.7651 0.24242
1.7651 0.24347
1.7651 0.24451
1.7652 0.24556
1.7653 0.2466
1.7653 0.24765
1.7653 0.24869
1.7653 0.24974
1.7653 0.25078
1.7654 0.25183
1.7655 0.25287
1.7655 0.25392
1.7657 0.25496
1.7657 0.25601
1.7658 0.25705
1.7659 0.2581
1.7659 0.25914
1.7659 0.26019
1.7659 0.26123
1.766 0.26228
1.766 0.26332
1.766 0.26437
1.766 0.26541
1.7661 0.26646
1.7662 0.2675
1.7662 0.26855
1.7662 0.26959
1.7663 0.27064
1.7663 0.27168
1.7663 0.27273
1.7663 0.27377
1.7664 0.27482
1.7664 0.27586
1.7664 0.27691
1.7664 0.27795
1.7665 0.279
1.7665 0.28004
1.7666 0.28109
1.7667 0.28213
1.7667 0.28318
1.7668 0.28422
1.7668 0.28527
1.7668 0.28631
1.7669 0.28736
1.7669 0.2884
1.7669 0.28945
1.7669 0.29049
1.7669 0.29154
1.767 0.29258
1.7671 0.29363
1.7671 0.29467
1.7671 0.29572
1.7672 0.29676
1.7673 0.29781
1.7674 0.29885
1.7674 0.2999
1.7674 0.30094
1.7675 0.30199
1.7676 0.30303
1.7676 0.30408
1.7676 0.30512
1.7676 0.30617
1.7677 0.30721
1.7677 0.30825
1.7677 0.3093
1.7677 0.31034
1.7677 0.31139
1.7678 0.31243
1.7678 0.31348
1.7678 0.31452
1.7679 0.31557
1.768 0.31661
1.768 0.31766
1.7681 0.3187
1.7681 0.31975
1.7682 0.32079
1.7682 0.32184
1.7682 0.32288
1.7682 0.32393
1.7683 0.32497
1.7683 0.32602
1.7683 0.32706
1.7683 0.32811
1.7686 0.32915
1.7687 0.3302
1.7688 0.33124
1.7688 0.33229
1.7688 0.33333
1.7689 0.33438
1.7689 0.33542
1.769 0.33647
1.769 0.33751
1.769 0.33856
1.7691 0.3396
1.7692 0.34065
1.7692 0.34169
1.7692 0.34274
1.7693 0.34378
1.7694 0.34483
1.7694 0.34587
1.7695 0.34692
1.7696 0.34796
1.7697 0.34901
1.7698 0.35005
1.7698 0.3511
1.7699 0.35214
1.7699 0.35319
1.77 0.35423
1.77 0.35528
1.7701 0.35632
1.7701 0.35737
1.7703 0.35841
1.7703 0.35946
1.7703 0.3605
1.7704 0.36155
1.7705 0.36259
1.7705 0.36364
1.7705 0.36468
1.7706 0.36573
1.7706 0.36677
1.7706 0.36782
1.7706 0.36886
1.7706 0.36991
1.7708 0.37095
1.7708 0.372
1.7709 0.37304
1.771 0.37409
1.7711 0.37513
1.7711 0.37618
1.7711 0.37722
1.7712 0.37827
1.7712 0.37931
1.7712 0.38036
1.7712 0.3814
1.7714 0.38245
1.7714 0.38349
1.7715 0.38454
1.7715 0.38558
1.7716 0.38662
1.7716 0.38767
1.7716 0.38871
1.7716 0.38976
1.7716 0.3908
1.7718 0.39185
1.772 0.39289
1.7721 0.39394
1.7721 0.39498
1.7721 0.39603
1.7721 0.39707
1.7721 0.39812
1.7722 0.39916
1.7722 0.40021
1.7722 0.40125
1.7723 0.4023
1.7723 0.40334
1.7724 0.40439
1.7724 0.40543
1.7724 0.40648
1.7724 0.40752
1.7725 0.40857
1.7725 0.40961
1.7726 0.41066
1.7726 0.4117
1.7726 0.41275
1.7726 0.41379
1.7726 0.41484
1.7727 0.41588
1.7727 0.41693
1.7728 0.41797
1.7728 0.41902
1.7729 0.42006
1.7729 0.42111
1.7729 0.42215
1.7729 0.4232
1.7729 0.42424
1.773 0.42529
1.773 0.42633
1.773 0.42738
1.7731 0.42842
1.7731 0.42947
1.7731 0.43051
1.7732 0.43156
1.7733 0.4326
1.7734 0.43365
1.7734 0.43469
1.7734 0.43574
1.7735 0.43678
1.7736 0.43783
1.7736 0.43887
1.7737 0.43992
1.7737 0.44096
1.7738 0.44201
1.7738 0.44305
1.7739 0.4441
1.774 0.44514
1.774 0.44619
1.774 0.44723
1.7741 0.44828
1.7741 0.44932
1.7741 0.45037
1.7741 0.45141
1.7742 0.45246
1.7742 0.4535
1.7743 0.45455
1.7744 0.45559
1.7744 0.45664
1.7745 0.45768
1.7745 0.45873
1.7745 0.45977
1.7746 0.46082
1.7746 0.46186
1.7746 0.4629
1.7746 0.46395
1.7747 0.46499
1.7748 0.46604
1.7748 0.46708
1.7749 0.46813
1.7749 0.46917
1.775 0.47022
1.775 0.47126
1.775 0.47231
1.7751 0.47335
1.7751 0.4744
1.7752 0.47544
1.7753 0.47649
1.7754 0.47753
1.7754 0.47858
1.7754 0.47962
1.7755 0.48067
1.7756 0.48171
1.7756 0.48276
1.7758 0.4838
1.7758 0.48485
1.7759 0.48589
1.7759 0.48694
1.7759 0.48798
1.776 0.48903
1.7761 0.49007
1.7761 0.49112
1.7762 0.49216
1.7762 0.49321
1.7763 0.49425
1.7763 0.4953
1.7765 0.49634
1.7765 0.49739
1.7766 0.49843
1.7767 0.49948
1.7767 0.50052
1.7767 0.50157
1.7767 0.50261
1.7768 0.50366
1.7768 0.5047
1.7769 0.50575
1.7769 0.50679
1.7769 0.50784
1.7769 0.50888
1.777 0.50993
1.777 0.51097
1.777 0.51202
1.7771 0.51306
1.7772 0.51411
1.7772 0.51515
1.7773 0.5162
1.7774 0.51724
1.7775 0.51829
1.7776 0.51933
1.7776 0.52038
1.7777 0.52142
1.7777 0.52247
1.7778 0.52351
1.7778 0.52456
1.7779 0.5256
1.7779 0.52665
1.7779 0.52769
1.7779 0.52874
1.7779 0.52978
1.778 0.53083
1.7782 0.53187
1.7783 0.53292
1.7783 0.53396
1.7785 0.53501
1.7785 0.53605
1.7786 0.5371
1.7786 0.53814
1.7786 0.53918
1.7787 0.54023
1.7788 0.54127
1.7788 0.54232
1.7788 0.54336
1.7791 0.54441
1.7791 0.54545
1.7791 0.5465
1.7791 0.54754
1.7791 0.54859
1.7792 0.54963
1.7792 0.55068
1.7792 0.55172
1.7792 0.55277
1.7793 0.55381
1.7793 0.55486
1.7793 0.5559
1.7794 0.55695
1.7794 0.55799
1.7795 0.55904
1.7795 0.56008
1.7795 0.56113
1.7798 0.56217
1.7798 0.56322
1.7799 0.56426
1.7799 0.56531
1.7799 0.56635
1.7799 0.5674
1.78 0.56844
1.78 0.56949
1.78 0.57053
1.7801 0.57158
1.7801 0.57262
1.7802 0.57367
1.7802 0.57471
1.7803 0.57576
1.7804 0.5768
1.7804 0.57785
1.7804 0.57889
1.7804 0.57994
1.7804 0.58098
1.7804 0.58203
1.7805 0.58307
1.7806 0.58412
1.7806 0.58516
1.7807 0.58621
1.7807 0.58725
1.7808 0.5883
1.7809 0.58934
1.7809 0.59039
1.7809 0.59143
1.7809 0.59248
1.7811 0.59352
1.7811 0.59457
1.7812 0.59561
1.7812 0.59666
1.7813 0.5977
1.7814 0.59875
1.7814 0.59979
1.7815 0.60084
1.7815 0.60188
1.7815 0.60293
1.7816 0.60397
1.7816 0.60502
1.7817 0.60606
1.7817 0.60711
1.7818 0.60815
1.7819 0.6092
1.7819 0.61024
1.7819 0.61129
1.7819 0.61233
1.782 0.61338
1.782 0.61442
1.782 0.61546
1.7821 0.61651
1.7821 0.61755
1.7821 0.6186
1.7822 0.61964
1.7823 0.62069
1.7823 0.62173
1.7823 0.62278
1.7823 0.62382
1.7824 0.62487
1.7824 0.62591
1.7825 0.62696
1.7825 0.628
1.7825 0.62905
1.7826 0.63009
1.7826 0.63114
1.7826 0.63218
1.7826 0.63323
1.7826 0.63427
1.7826 0.63532
1.7827 0.63636
1.7828 0.63741
1.7828 0.63845
1.7828 0.6395
1.7829 0.64054
1.7829 0.64159
1.7829 0.64263
1.7829 0.64368
1.783 0.64472
1.783 0.64577
1.7831 0.64681
1.7831 0.64786
1.7831 0.6489
1.7831 0.64995
1.7831 0.65099
1.7832 0.65204
1.7834 0.65308
1.7834 0.65413
1.7835 0.65517
1.7835 0.65622
1.7836 0.65726
1.7836 0.65831
1.7836 0.65935
1.7838 0.6604
1.7839 0.66144
1.784 0.66249
1.784 0.66353
1.784 0.66458
1.7841 0.66562
1.7841 0.66667
1.7842 0.66771
1.7842 0.66876
1.7845 0.6698
1.7845 0.67085
1.7848 0.67189
1.7848 0.67294
1.7848 0.67398
1.7848 0.67503
1.785 0.67607
1.7852 0.67712
1.7852 0.67816
1.7852 0.67921
1.7852 0.68025
1.7853 0.6813
1.7856 0.68234
1.7856 0.68339
1.7856 0.68443
1.7858 0.68548
1.7859 0.68652
1.786 0.68757
1.786 0.68861
1.786 0.68966
1.786 0.6907
1.7861 0.69175
1.7861 0.69279
1.7862 0.69383
1.7862 0.69488
1.7863 0.69592
1.7863 0.69697
1.7866 0.69801
1.7866 0.69906
1.7867 0.7001
1.7867 0.70115
1.7868 0.70219
1.7868 0.70324
1.7868 0.70428
1.7869 0.70533
1.787 0.70637
1.787 0.70742
1.787 0.70846
1.787 0.70951
1.787 0.71055
1.7871 0.7116
1.7872 0.71264
1.7873 0.71369
1.7875 0.71473
1.7875 0.71578
1.7875 0.71682
1.7876 0.71787
1.7876 0.71891
1.7876 0.71996
1.7877 0.721
1.7877 0.72205
1.7877 0.72309
1.7879 0.72414
1.7879 0.72518
1.788 0.72623
1.788 0.72727
1.7881 0.72832
1.7881 0.72936
1.7882 0.73041
1.7882 0.73145
1.7883 0.7325
1.7883 0.73354
1.7884 0.73459
1.7884 0.73563
1.7885 0.73668
1.7885 0.73772
1.7886 0.73877
1.7886 0.73981
1.7887 0.74086
1.7887 0.7419
1.7887 0.74295
1.7888 0.74399
1.789 0.74504
1.789 0.74608
1.7892 0.74713
1.7893 0.74817
1.7893 0.74922
1.7894 0.75026
1.7894 0.75131
1.7895 0.75235
1.7895 0.7534
1.7895 0.75444
1.7896 0.75549
1.7898 0.75653
1.79 0.75758
1.79 0.75862
1.79 0.75967
1.79 0.76071
1.7902 0.76176
1.7902 0.7628
1.7903 0.76385
1.7907 0.76489
1.7909 0.76594
1.791 0.76698
1.791 0.76803
1.791 0.76907
1.791 0.77011
1.7911 0.77116
1.7915 0.7722
1.7915 0.77325
1.7916 0.77429
1.7916 0.77534
1.7917 0.77638
1.7917 0.77743
1.7918 0.77847
1.7919 0.77952
1.7919 0.78056
1.792 0.78161
1.792 0.78265
1.7921 0.7837
1.7922 0.78474
1.7924 0.78579
1.7924 0.78683
1.7929 0.78788
1.793 0.78892
1.7931 0.78997
1.7931 0.79101
1.7934 0.79206
1.7934 0.7931
1.7934 0.79415
1.7935 0.79519
1.7935 0.79624
1.7935 0.79728
1.7935 0.79833
1.794 0.79937
1.7941 0.80042
1.7943 0.80146
1.7943 0.80251
1.7943 0.80355
1.7945 0.8046
1.7946 0.80564
1.7947 0.80669
1.7949 0.80773
1.795 0.80878
1.795 0.80982
1.795 0.81087
1.7951 0.81191
1.7954 0.81296
1.7955 0.814
1.7955 0.81505
1.7956 0.81609
1.7956 0.81714
1.7957 0.81818
1.7957 0.81923
1.7958 0.82027
1.7959 0.82132
1.7961 0.82236
1.7961 0.82341
1.7961 0.82445
1.7961 0.8255
1.7964 0.82654
1.7967 0.82759
1.797 0.82863
1.797 0.82968
1.7971 0.83072
1.7973 0.83177
1.7974 0.83281
1.7975 0.83386
1.7976 0.8349
1.7978 0.83595
1.7979 0.83699
1.798 0.83804
1.7981 0.83908
1.7982 0.84013
1.7982 0.84117
1.7982 0.84222
1.7984 0.84326
1.7987 0.84431
1.7988 0.84535
1.7988 0.84639
1.7989 0.84744
1.7989 0.84848
1.7989 0.84953
1.7991 0.85057
1.7991 0.85162
1.7994 0.85266
1.7995 0.85371
1.7995 0.85475
1.7995 0.8558
1.7997 0.85684
1.7997 0.85789
1.7997 0.85893
1.7998 0.85998
1.7998 0.86102
1.7998 0.86207
1.8003 0.86311
1.8004 0.86416
1.8004 0.8652
1.8004 0.86625
1.8005 0.86729
1.8005 0.86834
1.8006 0.86938
1.8008 0.87043
1.8009 0.87147
1.8009 0.87252
1.8012 0.87356
1.8013 0.87461
1.8014 0.87565
1.8015 0.8767
1.8015 0.87774
1.8017 0.87879
1.8018 0.87983
1.8021 0.88088
1.8022 0.88192
1.8025 0.88297
1.8026 0.88401
1.8028 0.88506
1.8029 0.8861
1.803 0.88715
1.8031 0.88819
1.8032 0.88924
1.8033 0.89028
1.8033 0.89133
1.8033 0.89237
1.8037 0.89342
1.8038 0.89446
1.8039 0.89551
1.8041 0.89655
1.8045 0.8976
1.8047 0.89864
1.8049 0.89969
1.8054 0.90073
1.8057 0.90178
1.806 0.90282
1.8061 0.90387
1.8063 0.90491
1.8064 0.90596
1.8067 0.907
1.8068 0.90805
1.8068 0.90909
1.8069 0.91014
1.8071 0.91118
1.8073 0.91223
1.8073 0.91327
1.8074 0.91432
1.8075 0.91536
1.8078 0.91641
1.8083 0.91745
1.8084 0.9185
1.8084 0.91954
1.8086 0.92059
1.809 0.92163
1.8091 0.92268
1.81 0.92372
1.8105 0.92476
1.8114 0.92581
1.8116 0.92685
1.814 0.9279
1.8141 0.92894
1.8142 0.92999
1.8143 0.93103
1.8144 0.93208
1.8151 0.93312
1.8154 0.93417
1.8156 0.93521
1.8157 0.93626
1.8159 0.9373
1.8163 0.93835
1.8174 0.93939
1.818 0.94044
1.8182 0.94148
1.8202 0.94253
1.8211 0.94357
1.8222 0.94462
1.8227 0.94566
1.8232 0.94671
1.8239 0.94775
1.824 0.9488
1.8241 0.94984
1.8249 0.95089
1.8262 0.95193
1.8271 0.95298
1.8292 0.95402
1.8293 0.95507
1.8295 0.95611
1.8321 0.95716
1.8334 0.9582
1.8362 0.95925
1.8371 0.96029
1.8386 0.96134
1.8393 0.96238
1.8399 0.96343
1.84 0.96447
1.8445 0.96552
1.8477 0.96656
1.8508 0.96761
1.8519 0.96865
1.8615 0.9697
1.8725 0.97074
1.8927 0.97179
1.9016 0.97283
1.9091 0.97388
1.9115 0.97492
1.9179 0.97597
1.9908 0.97701
2.7109 0.97806
2.7134 0.9791
2.7576 0.98015
2.759 0.98119
2.7602 0.98224
2.7619 0.98328
2.764 0.98433
2.7648 0.98537
2.7652 0.98642
2.7661 0.98746
2.7675 0.98851
2.7677 0.98955
2.768 0.9906
2.7684 0.99164
2.7685 0.99269
2.7698 0.99373
2.772 0.99478
2.7742 0.99582
2.7783 0.99687
2.7834 0.99791
2.7877 0.99896
2.811 1
