0 0
0 0
0 0
0 0
0 0
0 0
0 0
0 0
0 0
0 0
0 0
0 0
0 0
0 0
0 0
0 0
0 0
0 0
0 0
0 0
0 0
0 0
1.5255 0.0010449
1.7964 0.0020899
1.8064 0.0031348
1.9321 0.0041797
1.9714 0.0052247
2.0106 0.0062696
2.0282 0.0073145
2.0344 0.0083595
2.0445 0.0094044
2.0506 0.010449
2.0574 0.011494
2.0691 0.012539
2.0706 0.013584
2.0815 0.014629
2.0848 0.015674
2.0883 0.016719
2.0912 0.017764
2.0917 0.018809
2.0968 0.019854
2.0968 0.020899
2.098 0.021944
2.1013 0.022989
2.1055 0.024033
2.1076 0.025078
2.1103 0.026123
2.1103 0.027168
2.1156 0.028213
2.1165 0.029258
2.1177 0.030303
2.1184 0.031348
2.1223 0.032393
2.1256 0.033438
2.1259 0.034483
2.1264 0.035528
2.128 0.036573
2.1327 0.037618
2.1331 0.038662
2.1336 0.039707
2.1367 0.040752
2.1394 0.041797
2.1395 0.042842
2.1405 0.043887
2.146 0.044932
2.1488 0.045977
2.1507 0.047022
2.1529 0.048067
2.1532 0.049112
2.1546 0.050157
2.1564 0.051202
2.1611 0.052247
2.1613 0.053292
2.1618 0.054336
2.1621 0.055381
2.1629 0.056426
2.1643 0.057471
2.1672 0.058516
2.1687 0.059561
2.1737 0.060606
2.1752 0.061651
2.1759 0.062696
2.1806 0.063741
2.1846 0.064786
2.187 0.065831
2.187 0.066876
2.1874 0.067921
2.1893 0.068966
2.1906 0.07001
2.1912 0.071055
2.1915 0.0721
2.1932 0.073145
2.1949 0.07419
2.1971 0.075235
2.1974 0.07628
2.2017 0.077325
2.2022 0.07837
2.2039 0.079415
2.2049 0.08046
2.2052 0.081505
2.2057 0.08255
2.211 0.083595
2.2111 0.084639
2.2114 0.085684
2.2159 0.086729
2.217 0.087774
2.2181 0.088819
2.2187 0.089864
2.2196 0.090909
2.2211 0.091954
2.2213 0.092999
2.2217 0.094044
2.2236 0.095089
2.2236 0.096134
2.2245 0.097179
2.2259 0.098224
2.2281 0.099269
2.2283 0.10031
2.2289 0.10136
2.2307 0.1024
2.2313 0.10345
2.2327 0.10449
2.2331 0.10554
2.2345 0.10658
2.2351 0.10763
2.2386 0.10867
2.2387 0.10972
2.239 0.11076
2.2398 0.11181
2.24 0.11285
2.2406 0.1139
2.2417 0.11494
2.2423 0.11599
2.2439 0.11703
2.2465 0.11808
2.2468 0.11912
2.247 0.12017
2.248 0.12121
2.2494 0.12226
2.2496 0.1233
2.2501 0.12435
2.2506 0.12539
2.2527 0.12644
2.255 0.12748
2.2558 0.12853
2.2574 0.12957
2.2581 0.13062
2.2589 0.13166
2.2608 0.13271
2.2649 0.13375
2.2654 0.1348
2.2656 0.13584
2.266 0.13689
2.2666 0.13793
2.2669 0.13898
2.2697 0.14002
2.2698 0.14107
2.2698 0.14211
2.2721 0.14316
2.2727 0.1442
2.2731 0.14525
2.2733 0.14629
2.2738 0.14734
2.2766 0.14838
2.2772 0.14943
2.2779 0.15047
2.2792 0.15152
2.2793 0.15256
2.284 0.15361
2.2842 0.15465
2.2843 0.15569
2.2848 0.15674
2.2849 0.15778
2.2858 0.15883
2.2861 0.15987
2.2874 0.16092
2.2884 0.16196
2.2889 0.16301
2.2913 0.16405
2.2914 0.1651
2.2922 0.16614
2.2927 0.16719
2.2927 0.16823
2.2927 0.16928
2.2928 0.17032
2.2962 0.17137
2.297 0.17241
2.2975 0.17346
2.298 0.1745
2.2981 0.17555
2.2994 0.17659
2.2997 0.17764
2.3012 0.17868
2.3013 0.17973
2.3032 0.18077
2.3033 0.18182
2.3035 0.18286
2.3046 0.18391
2.3061 0.18495
2.3065 0.186
2.307 0.18704
2.3084 0.18809
2.3087 0.18913
2.3087 0.19018
2.3091 0.19122
2.3099 0.19227
2.31 0.19331
2.3109 0.19436
2.3113 0.1954
2.3115 0.19645
2.312 0.19749
2.3125 0.19854
2.3128 0.19958
2.3129 0.20063
2.3133 0.20167
2.3135 0.20272
2.3136 0.20376
2.3157 0.20481
2.3159 0.20585
2.3168 0.2069
2.3171 0.20794
2.3193 0.20899
2.32 0.21003
2.3205 0.21108
2.3206 0.21212
2.3216 0.21317
2.3224 0.21421
2.323 0.21526
2.3246 0.2163
2.3249 0.21735
2.3258 0.21839
2.326 0.21944
2.3268 0.22048
2.3277 0.22153
2.3277 0.22257
2.3291 0.22362
2.3295 0.22466
2.3309 0.22571
2.3328 0.22675
2.3342 0.2278
2.3344 0.22884
2.3345 0.22989
2.3359 0.23093
2.336 0.23197
2.3374 0.23302
2.3377 0.23406
2.3378 0.23511
2.3378 0.23615
2.3394 0.2372
2.3405 0.23824
2.3431 0.23929
2.3437 0.24033
2.344 0.24138
2.3452 0.24242
2.3457 0.24347
2.3461 0.24451
2.3465 0.24556
2.3473 0.2466
2.3474 0.24765
2.3524 0.24869
2.3531 0.24974
2.3534 0.25078
2.3538 0.25183
2.3539 0.25287
2.3557 0.25392
2.3565 0.25496
2.3594 0.25601
2.36 0.25705
2.3611 0.2581
2.3618 0.25914
2.3627 0.26019
2.3635 0.26123
2.3637 0.26228
2.3639 0.26332
2.3644 0.26437
2.3644 0.26541
2.3645 0.26646
2.3652 0.2675
2.3653 0.26855
2.3662 0.26959
2.367 0.27064
2.3679 0.27168
2.37 0.27273
2.3707 0.27377
2.3711 0.27482
2.3711 0.27586
2.3713 0.27691
2.3715 0.27795
2.3735 0.279
2.3741 0.28004
2.3744 0.28109
2.3746 0.28213
2.375 0.28318
2.3768 0.28422
2.3769 0.28527
2.3772 0.28631
2.3773 0.28736
2.3775 0.2884
2.3779 0.28945
2.3781 0.29049
2.3784 0.29154
2.3795 0.29258
2.3797 0.29363
2.3804 0.29467
2.3814 0.29572
2.3817 0.29676
2.383 0.29781
2.3831 0.29885
2.3867 0.2999
2.3875 0.30094
2.3878 0.30199
2.3883 0.30303
2.3888 0.30408
2.389 0.30512
2.3897 0.30617
2.3901 0.30721
2.3918 0.30825
2.3922 0.3093
2.3943 0.31034
2.3951 0.31139
2.3953 0.31243
2.3955 0.31348
2.3963 0.31452
2.397 0.31557
2.3973 0.31661
2.398 0.31766
2.3986 0.3187
2.3986 0.31975
2.3999 0.32079
2.4009 0.32184
2.4024 0.32288
2.4027 0.32393
2.4028 0.32497
2.4029 0.32602
2.403 0.32706
2.4031 0.32811
2.4032 0.32915
2.4035 0.3302
2.4049 0.33124
2.4056 0.33229
2.406 0.33333
2.4076 0.33438
2.4097 0.33542
2.4104 0.33647
2.4105 0.33751
2.4112 0.33856
2.4117 0.3396
2.4136 0.34065
2.4144 0.34169
2.415 0.34274
2.4152 0.34378
2.4153 0.34483
2.4157 0.34587
2.4166 0.34692
2.4167 0.34796
2.4194 0.34901
2.4196 0.35005
2.42 0.3511
2.4208 0.35214
2.422 0.35319
2.4221 0.35423
2.4235 0.35528
2.4241 0.35632
2.4247 0.35737
2.4257 0.35841
2.4262 0.35946
2.4266 0.3605
2.4266 0.36155
2.4267 0.36259
2.4268 0.36364
2.4273 0.36468
2.429 0.36573
2.4294 0.36677
2.4297 0.36782
2.4298 0.36886
2.43 0.36991
2.4301 0.37095
2.432 0.372
2.4329 0.37304
2.4334 0.37409
2.4335 0.37513
2.434 0.37618
2.4354 0.37722
2.437 0.37827
2.4375 0.37931
2.4388 0.38036
2.4389 0.3814
2.4391 0.38245
2.4394 0.38349
2.4394 0.38454
2.4409 0.38558
2.4415 0.38662
2.4422 0.38767
2.4423 0.38871
2.4428 0.38976
2.4429 0.3908
2.4433 0.39185
2.4449 0.39289
2.4454 0.39394
2.4457 0.39498
2.4461 0.39603
2.4463 0.39707
2.4464 0.39812
2.4467 0.39916
2.4467 0.40021
2.4475 0.40125
2.4477 0.4023
2.448 0.40334
2.449 0.40439
2.4491 0.40543
2.4513 0.40648
2.4518 0.40752
2.4524 0.40857
2.4525 0.40961
2.4553 0.41066
2.4557 0.4117
2.4564 0.41275
2.4565 0.41379
2.4582 0.41484
2.4583 0.41588
2.4587 0.41693
2.4592 0.41797
2.4595 0.41902
2.46 0.42006
2.4605 0.42111
2.4607 0.42215
2.4609 0.4232
2.461 0.42424
2.4617 0.42529
2.4633 0.42633
2.4648 0.42738
2.4669 0.42842
2.4671 0.42947
2.4675 0.43051
2.468 0.43156
2.4683 0.4326
2.4685 0.43365
2.4692 0.43469
2.4696 0.43574
2.4699 0.43678
2.471 0.43783
2.4713 0.43887
2.4713 0.43992
2.4717 0.44096
2.4719 0.44201
2.4721 0.44305
2.4731 0.4441
2.4733 0.44514
2.4735 0.44619
2.4743 0.44723
2.475 0.44828
2.4757 0.44932
2.4758 0.45037
2.477 0.45141
2.4772 0.45246
2.4785 0.4535
2.4798 0.45455
2.4802 0.45559
2.4815 0.45664
2.4816 0.45768
2.4822 0.45873
2.4823 0.45977
2.4825 0.46082
2.4825 0.46186
2.483 0.4629
2.4832 0.46395
2.4837 0.46499
2.4851 0.46604
2.4855 0.46708
2.4855 0.46813
2.4865 0.46917
2.4872 0.47022
2.4882 0.47126
2.4889 0.47231
2.4898 0.47335
2.4903 0.4744
2.4904 0.47544
2.4913 0.47649
2.494 0.47753
2.495 0.47858
2.4958 0.47962
2.496 0.48067
2.4978 0.48171
2.4979 0.48276
2.4991 0.4838
2.4998 0.48485
2.4999 0.48589
2.5001 0.48694
2.5003 0.48798
2.5005 0.48903
2.5006 0.49007
2.5006 0.49112
2.5009 0.49216
2.5012 0.49321
2.5029 0.49425
2.503 0.4953
2.5032 0.49634
2.5034 0.49739
2.5039 0.49843
2.5051 0.49948
2.5053 0.50052
2.5064 0.50157
2.5067 0.50261
2.5083 0.50366
2.5088 0.5047
2.5091 0.50575
2.51 0.50679
2.51 0.50784
2.5109 0.50888
2.5111 0.50993
2.5116 0.51097
2.5127 0.51202
2.5129 0.51306
2.5131 0.51411
2.5138 0.51515
2.5164 0.5162
2.519 0.51724
2.5191 0.51829
2.5197 0.51933
2.5206 0.52038
2.5244 0.52142
2.5249 0.52247
2.5254 0.52351
2.5255 0.52456
2.5256 0.5256
2.5261 0.52665
2.5276 0.52769
2.5277 0.52874
2.5279 0.52978
2.5298 0.53083
2.5299 0.53187
2.5303 0.53292
2.5317 0.53396
2.5334 0.53501
2.5337 0.53605
2.5345 0.5371
2.5348 0.53814
2.5359 0.53918
2.5367 0.54023
2.5373 0.54127
2.5392 0.54232
2.5409 0.54336
2.5413 0.54441
2.5413 0.54545
2.5426 0.5465
2.5427 0.54754
2.5435 0.54859
2.5436 0.54963
2.5438 0.55068
2.5446 0.55172
2.5455 0.55277
2.5458 0.55381
2.5478 0.55486
2.5493 0.5559
2.5498 0.55695
2.5498 0.55799
2.551 0.55904
2.5512 0.56008
2.5526 0.56113
2.5532 0.56217
2.5537 0.56322
2.5545 0.56426
2.5546 0.56531
2.5555 0.56635
2.5559 0.5674
2.5566 0.56844
2.5568 0.56949
2.5581 0.57053
2.5583 0.57158
2.5594 0.57262
2.5596 0.57367
2.5597 0.57471
2.5601 0.57576
2.5618 0.5768
2.5619 0.57785
2.5621 0.57889
2.5632 0.57994
2.5636 0.58098
2.5651 0.58203
2.5654 0.58307
2.5658 0.58412
2.5659 0.58516
2.567 0.58621
2.5676 0.58725
2.5679 0.5883
2.5697 0.58934
2.5709 0.59039
2.5716 0.59143
2.5747 0.59248
2.5751 0.59352
2.5762 0.59457
2.5773 0.59561
2.5794 0.59666
2.5805 0.5977
2.581 0.59875
2.5812 0.59979
2.5823 0.60084
2.5844 0.60188
2.5849 0.60293
2.5852 0.60397
2.5857 0.60502
2.5877 0.60606
2.5878 0.60711
2.5906 0.60815
2.592 0.6092
2.595 0.61024
2.5952 0.61129
2.5958 0.61233
2.5958 0.61338
2.5959 0.61442
2.5961 0.61546
2.5966 0.61651
2.5968 0.61755
2.6011 0.6186
2.6024 0.61964
2.6035 0.62069
2.6036 0.62173
2.6046 0.62278
2.6048 0.62382
2.6048 0.62487
2.6052 0.62591
2.6058 0.62696
2.6068 0.628
2.6068 0.62905
2.6076 0.63009
2.6082 0.63114
2.6132 0.63218
2.6137 0.63323
2.6138 0.63427
2.6154 0.63532
2.6158 0.63636
2.6163 0.63741
2.6185 0.63845
2.6201 0.6395
2.6213 0.64054
2.6235 0.64159
2.6238 0.64263
2.6267 0.64368
2.6304 0.64472
2.6309 0.64577
2.6333 0.64681
2.6337 0.64786
2.6341 0.6489
2.6382 0.64995
2.6396 0.65099
2.6398 0.65204
2.6404 0.65308
2.645 0.65413
2.6458 0.65517
2.6462 0.65622
2.6494 0.65726
2.6497 0.65831
2.6499 0.65935
2.6508 0.6604
2.6513 0.66144
2.6521 0.66249
2.6544 0.66353
2.6575 0.66458
2.6582 0.66562
2.6592 0.66667
2.6608 0.66771
2.6617 0.66876
2.6681 0.6698
2.6707 0.67085
2.6708 0.67189
2.6752 0.67294
2.6759 0.67398
2.6767 0.67503
2.6787 0.67607
2.68 0.67712
2.681 0.67816
2.6824 0.67921
2.6828 0.68025
2.6838 0.6813
2.6857 0.68234
2.6859 0.68339
2.6859 0.68443
2.6861 0.68548
2.6866 0.68652
2.6879 0.68757
2.6907 0.68861
2.6955 0.68966
2.699 0.6907
2.6993 0.69175
2.7012 0.69279
2.706 0.69383
2.7085 0.69488
2.7107 0.69592
2.7119 0.69697
2.7123 0.69801
2.7123 0.69906
2.7138 0.7001
2.7152 0.70115
2.7188 0.70219
2.7195 0.70324
2.7203 0.70428
2.7214 0.70533
2.7239 0.70637
2.7245 0.70742
2.7267 0.70846
2.7308 0.70951
2.731 0.71055
2.7311 0.7116
2.7336 0.71264
2.7348 0.71369
2.7355 0.71473
2.7361 0.71578
2.7366 0.71682
2.746 0.71787
2.7467 0.71891
2.747 0.71996
2.7498 0.721
2.758 0.72205
2.761 0.72309
2.7654 0.72414
2.7663 0.72518
2.7709 0.72623
2.7745 0.72727
2.7829 0.72832
2.7835 0.72936
2.7839 0.73041
2.7897 0.73145
2.7929 0.7325
2.8003 0.73354
2.805 0.73459
2.8052 0.73563
2.8089 0.73668
2.8141 0.73772
2.8177 0.73877
2.8213 0.73981
2.8261 0.74086
2.831 0.7419
2.8378 0.74295
2.8455 0.74399
2.8586 0.74504
4.3753 0.74608
4.4201 0.74713
4.4355 0.74817
4.584 0.74922
4.7675 0.75026
4.8141 0.75131
4.8833 0.75235
4.9222 0.7534
4.9231 0.75444
4.9435 0.75549
4.9445 0.75653
4.9686 0.75758
4.97 0.75862
4.9732 0.75967
5.008 0.76071
5.0119 0.76176
5.0165 0.7628
5.0187 0.76385
5.0188 0.76489
5.0289 0.76594
5.0292 0.76698
5.0322 0.76803
5.0373 0.76907
5.0379 0.77011
5.0418 0.77116
5.0472 0.7722
5.048 0.77325
5.049 0.77429
5.0732 0.77534
5.0748 0.77638
5.0779 0.77743
5.1012 0.77847
5.1026 0.77952
5.1102 0.78056
5.1108 0.78161
5.1128 0.78265
5.1187 0.7837
5.1228 0.78474
5.1234 0.78579
5.1245 0.78683
5.1246 0.78788
5.1259 0.78892
5.1269 0.78997
5.1286 0.79101
5.1288 0.79206
5.1291 0.7931
5.1316 0.79415
5.1336 0.79519
5.1338 0.79624
5.1341 0.79728
5.1345 0.79833
5.135 0.79937
5.1365 0.80042
5.1372 0.80146
5.1382 0.80251
5.1412 0.80355
5.1412 0.8046
5.1467 0.80564
5.148 0.80669
5.1509 0.80773
5.1516 0.80878
5.1522 0.80982
5.1528 0.81087
5.153 0.81191
5.1536 0.81296
5.1536 0.814
5.1545 0.81505
5.1549 0.81609
5.1565 0.81714
5.1565 0.81818
5.1578 0.81923
5.1579 0.82027
5.1583 0.82132
5.1586 0.82236
5.1589 0.82341
5.1589 0.82445
5.1595 0.8255
5.1599 0.82654
5.1605 0.82759
5.1605 0.82863
5.1608 0.82968
5.1612 0.83072
5.1617 0.83177
5.1622 0.83281
5.1623 0.83386
5.1624 0.8349
5.1624 0.83595
5.1647 0.83699
5.1655 0.83804
5.1656 0.83908
5.1656 0.84013
5.1661 0.84117
5.1661 0.84222
5.1662 0.84326
5.1663 0.84431
5.1668 0.84535
5.1669 0.84639
5.1669 0.84744
5.1682 0.84848
5.1683 0.84953
5.1686 0.85057
5.1689 0.85162
5.169 0.85266
5.1692 0.85371
5.1692 0.85475
5.1693 0.8558
5.1694 0.85684
5.1701 0.85789
5.1703 0.85893
5.1704 0.85998
5.1704 0.86102
5.1708 0.86207
5.1708 0.86311
5.1711 0.86416
5.1716 0.8652
5.1722 0.86625
5.1725 0.86729
5.1727 0.86834
5.1729 0.86938
5.1729 0.87043
5.1731 0.87147
5.1733 0.87252
5.1733 0.87356
5.1734 0.87461
5.1734 0.87565
5.1735 0.8767
5.1735 0.87774
5.1736 0.87879
5.1738 0.87983
5.1738 0.88088
5.1739 0.88192
5.1739 0.88297
5.1739 0.88401
5.1739 0.88506
5.174 0.8861
5.1741 0.88715
5.1742 0.88819
5.1744 0.88924
5.1745 0.89028
5.1745 0.89133
5.1747 0.89237
5.1748 0.89342
5.1748 0.89446
5.1748 0.89551
5.1749 0.89655
5.1749 0.8976
5.1751 0.89864
5.1751 0.89969
5.1752 0.90073
5.1753 0.90178
5.1753 0.90282
5.1755 0.90387
5.1756 0.90491
5.1756 0.90596
5.1757 0.907
5.1757 0.90805
5.1757 0.90909
5.1757 0.91014
5.1758 0.91118
5.1761 0.91223
5.1762 0.91327
5.1762 0.91432
5.1764 0.91536
5.1765 0.91641
5.1765 0.91745
5.1765 0.9185
5.1766 0.91954
5.1769 0.92059
5.1769 0.92163
5.177 0.92268
5.1773 0.92372
5.1773 0.92476
5.1773 0.92581
5.1773 0.92685
5.1773 0.9279
5.1773 0.92894
5.1773 0.92999
5.1774 0.93103
5.1777 0.93208
5.1777 0.93312
5.1779 0.93417
5.1779 0.93521
5.1781 0.93626
5.1781 0.9373
5.1782 0.93835
5.1782 0.93939
5.1784 0.94044
5.1786 0.94148
5.1787 0.94253
5.1788 0.94357
5.1788 0.94462
5.1794 0.94566
5.1796 0.94671
5.1797 0.94775
5.1797 0.9488
5.1797 0.94984
5.1799 0.95089
5.1799 0.95193
5.1812 0.95298
5.182 0.95402
7.8687 0.95507
8.0568 0.95611
8.095 0.95716
8.1452 0.9582
8.2315 0.95925
8.2348 0.96029
8.2351 0.96134
8.2374 0.96238
8.3118 0.96343
8.3174 0.96447
8.3365 0.96552
16.044 0.96656
16.265 0.96761
16.271 0.96865
16.333 0.9697
16.371 0.97074
16.393 0.97179
31.891 0.97283
32.132 0.97388
32.491 0.97492
32.707 0.97597
32.731 0.97701
