0
0.0092809
0.97217
0.85013
2.6953
0.12741
0.52667
0.12008
0.0099496
0.85374
0.081382
1.6139
0.12746
0
0.44389
0.68693
0.29596
0.91787
0
0.16537
0.21012
0.96067
0.55518
0.28534
0
0.11986
0
0.20653
1.1317
0
0.37928
0
0.20672
0.19234
0.35268
1.8938
0
0.15491
0
0.019206
0.23969
0.033807
0
0
0.016526
0.75832
0.10399
0.33744
0.48864
0.11301
1.0764
1.8452
0
0
0.32454
0.34207
0.43454
0
0.16572
0
2.0729
0
0.12169
0
0.66337
0
0.31469
0.094727
0
0
0.015529
0
0
0.83072
0
2.638
0.13698
0.77483
0.38377
1.4816
0.45933
0
0.13309
2.0419
0
0.062547
0
0.47284
0.022841
0.83088
0.03819
0
0.44129
0.11931
0.074221
0.17044
0.50751
0.005833
0.096111
0
0.8219
0.033147
0.36956
0.16727
0
0
0
0.35565
0
0.14272
0.45525
0.98126
0.80305
0.11596
0
0
0.96472
1.3235
0
0
0.027594
1.8834
0
0
0.023234
1.1689
0.37773
0
0.18355
0
0
0.087049
0.26305
0.01467
0.92227
0
0.20114
1.1283
0
3.6515
0
0.023689
0
0.60329
1.5741
1.3861
0.066512
0
0.016136
0
0.0044536
0.77241
0
0.37991
0.24011
0.58129
0
0
0
0
0.15821
0.056348
0
0.46837
2.0499
0
0.16166
0
0
0
0.0018494
0.14767
0.29221
0.96874
0.11218
0.35554
1.6825
0.091144
0.58536
0.44139
0.43417
0.058272
0.58164
0
0.035839
2.6724
0
0
0
0.77999
0
2.2503
0.12788
0.65178
0
0
0
1.173
0.2556
0.42641
0
0.12233
0
0
0
0.8484
0.12466
0.81402
2.3207
0.53097
0.83656
1.8331
0
0
2.2028
0.27451
0
0.17058
0
0.6914
0
0.1213
0.1568
0.5572
0.19412
0.47826
0.053265
0.11949
1.0349
0
0
0.2974
0.13026
0.58904
0.0085587
0
0.053745
0
0
2.8055
0.37194
0
0
0.020029
0
0
1.738
0
0
0
0.27032
1.787
0.031622
0.78788
1.968
1.2685
0.38055
0.16866
0.036037
0.37263
0.075789
0.1322
0.055293
0.55409
0.012498
0
0.17172
0
0.069635
0.18906
0.59118
0.042915
0.1304
0.12421
0
0.80827
0
0.14148
2.271
0.2108
0.011332
0.36899
0.11846
0.18754
0.36219
0.17158
0.522
0.5189
0
0
0.0015557
2.0114
1.1021
0.084039
0.072385
0.29863
0.22567
0.99226
0.8995
0
0
0.24996
0
1.4793
0
0
0.020154
0.15156
0.065666
0.42906
0.0013336
0.34534
0
0.017958
1.113
0.65477
0.5261
0.11338
0.069498
0
0
0.11536
0.2936
1.4689
0.12665
0
1.1431
0.86147
0.87193
1.0753
0
0
0.16653
0.4531
0
1.421
1.1221
0
0.14511
0.62179
0.014412
0.084189
0.13759
0.12718
0.53182
0.45966
0
0
0.0058573
0
0
1.5336
0.091948
1.3604
0.019892
0
1.2684
2.1644
0.02036
1.9288
0.91045
0
0.10368
0
0.048402
0.21615
0.71853
0.039183
0.4113
0.6475
0.67882
0.80659
0.58869
0
0.05943
0
0.16745
0.30585
0.5517
0
0.17079
0.89528
0.14115
1.9378
0.042706
1.0294
0.19466
0.076654
0.032874
0
1.4027
0.72614
0
0.24348
0.11897
0.82245
0.14941
0.15229
0.7667
0.50266
0
0.025346
0
0
0.044076
1.0243
0
2.2629
0.2463
2.615
0.96055
0
0.068622
0.045291
0
1.0664
0
0
0
0.87617
2.2728
0
0.29325
0
0.044597
0
0.4404
1.3838
0.35556
0.024824
0
1.6941
0
0
0.13421
0.66431
0.51004
0.1177
0.02307
0
0.76719
0
0.63372
5.1107
0.15054
1.6811
0
0.03831
0.27183
0.12176
0.019176
5.0303
5.3203
0
0.02573
1.4924
0
0
0.66316
0.50053
1.6233
0.2357
0.15482
0
0
0
0
2.0714
0.062621
0
0.81396
0.86483
2.5786
0
0.29558
0.15976
0.58518
0.021758
0.24251
0.037232
0.17581
1.6848
0.16712
0.7055
0.1136
0.20969
0.011399
1.3164
0
0
0
0
0
1.0914
0.58678
0.57208
0
0
0.68172
0.037059
0
0.15573
0.22417
0.73026
0
0.27422
0
1.0178
0.22728
1.0237
1.4219
0.32142
0.65669
0
2.0169
0.0058137
0.43657
0
0.079077
0
0
0.24021
0.19915
0
2.8774
0
0.45998
0.027666
0.25319
0.11535
0.36765
0.32146
0.01349
0.21948
0.50431
0
2.9229
0.16872
0.20396
0
0
0.37641
0.91394
0
0.4097
0.57264
5.8327
2.0603
0.422
0.18966
0.36318
3.1401
0
0
0.013101
0.19001
0.081767
0
0.048473
0
0
1.0721
0
0.019118
0
0
0.22483
0
0
0
0.78007
0.0079834
0.57137
0
0.70786
0.0086648
0.0035606
0.01284
1.2541
1.173
1.9143
0.78356
0.25386
0
0.20768
0
3.7277
0.15102
0.66113
0
0.57925
0.14009
0
0
0
0.40862
0
0.0018742
0
0.14782
0
1.3789
2.1379
0
0.036161
0
0.19632
0.33328
1.0924
1.1147
0
0
0.61041
0.23216
0.32363
0
1.2752
0.21686
0.82251
0
0.56881
0.34546
0.015216
0
0.93154
0
0.090786
0
0
1.9359
0.40744
0
0
0.24125
0.38521
0.61069
0.029758
0
0.036058
1.6045
0.61594
3.5984
2.0955
0.13166
0.015063
0.20113
0.39163
0.070964
0.21684
0
1.0897
0.79883
0.37455
0.32796
0
0
0.90487
0
0.16277
0.013929
0.32839
0
0.021773
0.59111
0.080778
0.99214
4.4582
0.039138
0
3.7297
0.20531
0
0
0
0
0
0.10271
0
0
0.058552
0.01308
0.063206
0.090939
0.527
0.012436
0.13437
0.045351
0.43626
0.10387
0
0
0
0
0.013616
1.6782
0.080555
0.23002
0.037514
0.69018
0.63677
1.0642
0.65934
0.69081
0.1757
0
0
1.2745
0.92601
0.26159
0.42872
0.38986
0.37567
0.82094
0.88072
0
0.19345
0
0.31877
0
0
0
0
0
1.9529
0
0.98977
0.90654
0
1.0766
0.029113
0.76654
0.01619
3.5499
0.004771
0.66278
0.20278
0.10337
0.4022
0
0
0.04313
0
0.12476
1.3281
0.048785
0
0.034123
0.0066451
2.2465
1.7637
0
4.1285
0
0.67031
0
0
0.28436
0.097067
0
0.29356
0.71606
1.5494
0.048386
0.063705
0.13441
0.054298
0.80928
1.1078
0.095285
0.38416
0.24374
0
0
0.12411
0
0.50321
0
0.28286
0.025606
0.096412
0.31549
0
0.34583
0.23926
0.46676
0.086046
0.015726
0.19019
0.036842
2.6974
0
0
0
3.1886
0.19267
0.27951
0.079361
0.012055
0
0.39821
0.92452
0.26101
0.66456
0.238
0
2.7087
0
0
0.043942
0.21582
0
1.2893
0.19729
0.043442
3.0539
0.19521
0.29234
0.51591
0.42694
0.71519
1.6338
0.59241
0.12279
0.025901
0.52963
2.0325
0.039176
1.32
0.091481
0.11809
0.18109
0.49975
0
0.37376
0.39566
0
0.14754
0
0.40565
1.3539
0
0.3153
0
0
0.68483
0.45003
0.87388
0.35166
0
1.7822
0.0411
0.0095254
0.045653
0.22085
0.10319
1.0911
0.80987
1.0029
1.1982
0
0.21642
0.99038
1.0067
0.093472
0.28471
1.3828
0
0.6493
0.053566
0
2.0202
0.02224
0
0.7533
0
0.92438
0
0
0.53916
0.061382
0
0.9616
0.78318
0
0.65185
0.043058
0.079734
0.40923
0.032132
4.9984
0
3.4305
0.93874
0.069259
0
0
0.93798
0.59462
0.0095908
0
0.82741
0.67934
0.45463
0.33192
0.51906
0
0.37242
0
0.56246
0.13939
0
0
0
0.39099
0.68167
0.1005
0.47746
0.057337
1.0421
0.38963
0.4772
0
3.5979
0.041856
0.42637
0.7625
0.048869
1.1616
3.1342
1.6003
0.90644
0.060174
0.10764
1.4493
0.23899
0.3447
0.3652
0.61547
0.067935
0.15412
0
0.12095
0
0
0
0.096289
0.15127
1.1983
0.21294
0.35549
0.097494
1.1837
0.052403
0.33804
0.010099
1.0726
0.059414
0
0.064215
0.45541
0
0
0.34874
0
0.4331
0.06701
0
0
0.14403
0.29749
1.4225
0.2173
0.37695
0.31556
0
0.85694
0.75631
0.24779
0.14546
0.015685
0.52422
4.4241
0.22037
0
0.97009
0.077181
0.91264
0.17761
0
0.1069
0
0.021628
0.66776
0.12649
0.18974
0
0.14624
0
0.038153
0.0011691
