0 0
0.0092809 0
0.97217 0
0.85013 0
2.6953 1.4962
0.12741 0.127
0.52667 0
0.12008 0.21601
0.0099496 0
0.85374 0.35911
0.081382 0.11667
1.6139 0.029415
0.12746 0
0 0
0.44389 0
0.68693 0.55449
0.29596 0
0.91787 0.24725
0 0
0.16537 0
0.21012 0
0.96067 0
0.55518 0.10485
0.28534 0
0 0
0.11986 0
0 0
0.20653 0
1.1317 0.82532
0 0
0.37928 0
0 0
0.20672 0
0.19234 0
0.35268 0
1.8938 0.46889
0 0
0.15491 0.0040436
0 0
0.019206 0
0.23969 0
0.033807 0
0 0
0 0
0.016526 0
0.75832 0.009058
0.10399 0.029377
0.33744 0
0.48864 0
0.11301 0
1.0764 0
1.8452 0
0 0.024677
0 0
0.32454 0
0.34207 0.0070026
0.43454 3.9905e-05
0 0.0054183
0.16572 0
0 0
2.0729 0.0821
0 0
0.12169 0
0 0
0.66337 1.5301
0 0
0.31469 0.0015772
0.094727 0.0015941
0 0
0 0.17051
0.015529 0.016249
0 0
0 0
0.83072 0.0013909
0 0
2.638 2.8599
0.13698 0
0.77483 0
0.38377 0
1.4816 0
0.45933 0
0 0
0.13309 0.0027602
2.0419 0.33449
0 0
0.062547 0
0 0
0.47284 0
0.022841 0.052641
0.83088 0
0.03819 0
0 0
0.44129 0
0.11931 0
0.074221 0.18208
0.17044 0
0.50751 0
0.005833 0
0.096111 0
0 0.049652
0.8219 0
0.033147 0.025953
0.36956 0
0.16727 0
0 0
0 0
0 0
0.35565 0
0 0
0.14272 0.0019326
0.45525 0.0019881
0.98126 0.32444
0.80305 0
0.11596 0.061199
0 0
0 0
0.96472 0
1.3235 0.00064083
0 0.056804
0 0
0.027594 0
1.8834 0
0 0
0 0
0.023234 0
1.1689 0
0.37773 0.035795
0 0
0.18355 0
0 0
0 0
0.087049 0.010348
0.26305 0
0.01467 0.48745
0.92227 0.28725
0 0
0.20114 0
1.1283 0.13478
0 0
3.6515 0.16194
0 0
0.023689 0
0 0
0.60329 0
1.5741 0.058147
1.3861 0
0.066512 0
0 0.068761
0.016136 0
0 0
0.0044536 0
0.77241 0
0 0
0.37991 0
0.24011 0
0.58129 0
0 0.058533
0 0
0 0
0 0
0.15821 0.0047472
0.056348 0
0 0.0048999
0.46837 0.013008
2.0499 0.13688
0 0.0040869
0.16166 0
0 0.034244
0 0
0 0
0.0018494 0
0.14767 0
0.29221 0.091536
0.96874 0
0.11218 0
0.35554 0
1.6825 0
0.091144 0.11915
0.58536 0.07285
0.44139 0
0.43417 0
0.058272 0
0.58164 0
0 0
0.035839 0
2.6724 0
0 0
0 0
0 0
0.77999 0
0 0.013739
2.2503 4.365
0.12788 0
0.65178 0
0 0
0 0
0 0
1.173 2.5653
0.2556 0
0.42641 0.061801
0 0
0.12233 0
0 0
0 0
0 0
0.8484 0.026448
0.12466 0.06151
0.81402 0
2.3207 1.8916
0.53097 0
0.83656 0
1.8331 0
0 0
0 0
2.2028 0
0.27451 0
0 0
0.17058 0.18476
0 0
0.6914 0.20546
0 0.19336
0.1213 0.010013
0.1568 0.16248
0.5572 0.0198
0.19412 0.017196
0.47826 0
0.053265 0.0040584
0.11949 0
1.0349 0.44066
0 0
0 0
0.2974 0
0.13026 0
0.58904 0
0.0085587 0
0 0.013016
0.053745 0
0 0
0 0
2.8055 0
0.37194 0
0 0
0 0
0.020029 0
0 0
0 0
1.738 0.26908
0 0
0 0
0 0
0.27032 0
1.787 0
0.031622 0
0.78788 0
1.968 0.21068
1.2685 0.26656
0.38055 0
0.16866 0
0.036037 0.0020806
0.37263 0.14083
0.075789 0
0.1322 0
0.055293 0
0.55409 0
0.012498 0
0 0.0043422
0.17172 0
0 0
0.069635 0
0.18906 0
0.59118 0.0071586
0.042915 0
0.1304 0
0.12421 0
0 0
0.80827 0
0 0
0.14148 0.0088388
2.271 8.9988
0.2108 0
0.011332 0.012148
0.36899 0
0.11846 0
0.18754 0.23452
0.36219 0.015545
0.17158 0.19425
0.522 0
0.5189 0.18566
0 0
0 0
0.0015557 0
2.0114 0.097732
1.1021 0
0.084039 0
0.072385 0.17792
0.29863 0
0.22567 0
0.99226 0
0.8995 0.23676
0 0
0 0
0.24996 0
0 0
1.4793 0.013324
0 0
0 0
0.020154 0.0064848
0.15156 0
0.065666 0.49386
0.42906 0.039242
0.0013336 0
0.34534 0
0 0
0.017958 0
1.113 0.35543
0.65477 0
0.5261 0
0.11338 0
0.069498 0
0 0.0031446
0 0
0.11536 0
0.2936 0.18958
1.4689 0
0.12665 0.0013347
0 0
1.1431 0
0.86147 0.56404
0.87193 0
1.0753 0
0 0
0 0
0.16653 0
0.4531 0.0057965
0 0.034495
1.421 0
1.1221 0
0 0
0.14511 0.081015
0.62179 0
0.014412 0
0.084189 0
0.13759 0
0.12718 0
0.53182 0
0.45966 0
0 0
0 0
0.0058573 0
0 0
0 0
1.5336 2.3726
0.091948 0
1.3604 0
0.019892 0
0 0
1.2684 0
2.1644 0.77188
0.02036 0
1.9288 0.17828
0.91045 0
0 0.0096009
0.10368 0
0 0
0.048402 0
0.21615 0
0.71853 0.40272
0.039183 0.015396
0.4113 0.033831
0.6475 0.48506
0.67882 0
0.80659 0.014449
0.58869 0
0 0
0.05943 0
0 0.087244
0.16745 0
0.30585 0.44797
0.5517 0
0 0
0.17079 0
0.89528 0
0.14115 0.37808
1.9378 0
0.042706 0.0043641
1.0294 0
0.19466 0
0.076654 0.0052946
0.032874 0
0 0
1.4027 0.00089339
0.72614 0
0 0
0.24348 0.0024445
0.11897 0.12313
0.82245 0
0.14941 0
0.15229 0.020081
0.7667 0
0.50266 0
0 0
0.025346 0
0 0.0026942
0 0.0044213
0.044076 0.0043876
1.0243 0.35846
0 0
2.2629 0.35665
0.2463 0
2.615 0.030347
0.96055 0.3904
0 0.018764
0.068622 0
0.045291 0
0 0
1.0664 0
0 0
0 0
0 0
0.87617 0.00024664
2.2728 0.045079
0 0
0.29325 0
0 0
0.044597 0
0 0
0.4404 0
1.3838 0.00064108
0.35556 0
0.024824 0
0 0
1.6941 0
0 0
0 0
0.13421 0
0.66431 0
0.51004 0
0.1177 0
0.02307 0.040564
0 0.002093
0.76719 0.17383
0 0
0.63372 0
5.1107 1.0104
0.15054 0
1.6811 0.5532
0 0.19217
0.03831 0.16003
0.27183 0.24255
0.12176 0
0.019176 0
5.0303 0.16067
5.3203 0.36856
0 0
0.02573 0
1.4924 0
0 0
0 0
0.66316 0.090036
0.50053 0
1.6233 0
0.2357 0.10142
0.15482 0
0 0
0 0
0 0
0 0
2.0714 0.60876
0.062621 0.066662
0 0
0.81396 0
0.86483 0.0068531
2.5786 0.069595
0 0
0.29558 0
0.15976 0
0.58518 0
0.021758 0
0.24251 0
0.037232 0
0.17581 0.0045866
1.6848 0
0.16712 0
0.7055 0
0.1136 0
0.20969 0
0.011399 0.0022041
1.3164 0.064368
0 0.021587
0 0
0 0
0 0
0 0
1.0914 0
0.58678 0
0.57208 0.21446
0 0.023873
0 0
0.68172 0
0.037059 0
0 0
0.15573 0
0.22417 0
0.73026 0.29274
0 0
0.27422 0.048888
0 0
1.0178 0.079164
0.22728 0
1.0237 0
1.4219 0
0.32142 0.00079142
0.65669 0
0 0
2.0169 0.47274
0.0058137 0.32137
0.43657 0
0 0
0.079077 0
0 0
0 0
0.24021 0.023162
0.19915 0
0 0
2.8774 2.5308
0 0
0.45998 0.11485
0.027666 0
0.25319 0
0.11535 0.071294
0.36765 0
0.32146 0
0.01349 0
0.21948 0
0.50431 0
0 0
2.9229 0.75648
0.16872 0.0068062
0.20396 0
0 0
0 0
0.37641 0
0.91394 0.020406
0 0
0.4097 0
0.57264 0.017745
5.8327 0.071936
2.0603 0.0056333
0.422 0
0.18966 0.025047
0.36318 0.36445
3.1401 1.7709
0 0
0 0
0.013101 0.099496
0.19001 0
0.081767 0
0 0
0.048473 0.075749
0 0
0 0.0083521
1.0721 0
0 0
0.019118 0
0 0
0 0
0.22483 0
0 0
0 0
0 0
0.78007 0.10512
0.0079834 0
0.57137 0.0082194
0 0.088969
0.70786 0
0.0086648 0.15689
0.0035606 0
0.01284 0.14149
1.2541 0.23413
1.173 0.0088478
1.9143 0
0.78356 0
0.25386 0.0066647
0 0
0.20768 0.023161
0 0
3.7277 0.1232
0.15102 0
0.66113 0
0 0
0.57925 0
0.14009 0.0089179
0 0
0 0
0 0
0.40862 0
0 0
0.0018742 0
0 0
0.14782 0.016495
0 0
1.3789 0
2.1379 0
0 0
0.036161 0
0 0
0.19632 0
0.33328 0
1.0924 0
1.1147 0.062697
0 0
0 0
0.61041 0
0.23216 0
0.32363 0
0 0
1.2752 0
0.21686 0
0.82251 0.15555
0 0
0.56881 0
0.34546 0
0.015216 0
0 0
0.93154 0
0 0
0.090786 0
0 0
0 0
1.9359 0.0032855
0.40744 0.0033213
0 0
0 0
0.24125 0.13362
0.38521 0.018524
0.61069 0
0.029758 0
0 0
0.036058 0
1.6045 0.51936
0.61594 0
3.5984 0.036259
2.0955 0.68078
0.13166 0
0.015063 0
0.20113 0
0.39163 0
0.070964 0
0.21684 0
0 0
1.0897 0
0.79883 0.011722
0.37455 0.052511
0.32796 0.0027412
0 0
0 0
0.90487 0.053799
0 0
0.16277 0.014639
0.013929 0.0056107
0.32839 0
0 0
0.021773 0.026648
0.59111 0
0.080778 0
0.99214 0.24496
4.4582 4.0429
0.039138 0.013491
0 0
3.7297 0.29043
0.20531 0
0 0
0 0
0 0.019062
0 0
0 0
0.10271 0
0 0
0 0
0.058552 0
0.01308 0
0.063206 0
0.090939 0
0.527 0
0.012436 0
0.13437 0.017965
0.045351 0
0.43626 0
0.10387 0.060706
0 0
0 0
0 0
0 0
0.013616 0
1.6782 0
0.080555 0.028662
0.23002 0
0.037514 0
0.69018 0.017489
0.63677 0.00087592
1.0642 0.12395
0.65934 0
0.69081 0
0.1757 0.0015114
0 0
0 0
1.2745 0.0029265
0.92601 0.083875
0.26159 0
0.42872 0
0.38986 0.0017304
0.37567 0.15759
0.82094 0.11822
0.88072 0.00020636
0 0
0.19345 0
0 0.010305
0.31877 0
0 0
0 0
0 0
0 0
0 0.063543
1.9529 0
0 0
0.98977 0.63755
0.90654 0.37643
0 0.026911
1.0766 0
0.029113 0.09033
0.76654 0
0.01619 0.053715
3.5499 0
0.004771 0
0.66278 0
0.20278 0
0.10337 0
0.4022 0
0 0.0011029
0 0
0.04313 0
0 0
0.12476 0.017341
1.3281 0.03078
0.048785 0
0 0
0.034123 0.060585
0.0066451 0.0017398
2.2465 0.0087591
1.7637 0
0 0.08031
4.1285 0
0 0
0.67031 0.25661
0 0
0 0
0.28436 0
0.097067 0
0 0
0.29356 0
0.71606 0.25807
1.5494 0.11206
0.048386 0.0028875
0.063705 0
0.13441 0.006061
0.054298 0.12666
0.80928 0
1.1078 0.090107
0.095285 0
0.38416 0.072683
0.24374 0
0 0
0 0
0.12411 0
0 0
0.50321 0.014737
0 0.00048878
0.28286 0
0.025606 0.0065337
0.096412 0.0055287
0.31549 0.47586
0 0
0.34583 0
0.23926 0
0.46676 0
0.086046 0
0.015726 0
0.19019 0
0.036842 0
2.6974 0.82214
0 0
0 0
0 0
3.1886 0.58085
0.19267 0
0.27951 0.0056015
0.079361 0
0.012055 0
0 0
0.39821 0
0.92452 0
0.26101 0.034377
0.66456 0
0.238 0
0 0
2.7087 0.37183
0 0
0 0
0.043942 0
0.21582 0.0056294
0 0
1.2893 0
0.19729 0.028066
0.043442 0
3.0539 0
0.19521 0.038745
0.29234 0
0.51591 0
0.42694 0.44962
0.71519 0.26036
1.6338 0.014695
0.59241 0.0075355
0.12279 0
0.025901 0
0.52963 0
2.0325 0.2582
0.039176 0
1.32 0.62932
0.091481 0
0.11809 0
0.18109 0
0.49975 0.15942
0 0
0.37376 0.0052846
0.39566 0.002933
0 0
0.14754 0.12677
0 0
0.40565 0
1.3539 0
0 0
0.3153 0
0 0
0 0
0.68483 0
0.45003 0.083606
0.87388 0.3429
0.35166 0.012201
0 0
1.7822 0
0.0411 0
0.0095254 0
0.045653 0.0073917
0.22085 0
0.10319 0
1.0911 0
0.80987 0
1.0029 0.028617
1.1982 0.1993
0 0
0.21642 0
0.99038 0
1.0067 0.0074034
0.093472 0
0.28471 0
1.3828 0.0045459
0 0
0.6493 0.070887
0.053566 0
0 0
2.0202 0.10495
0.02224 0.0065239
0 0
0.7533 0.00096217
0 0
0.92438 0.35212
0 0
0 0
0.53916 0.13328
0.061382 0
0 0
0.9616 0
0.78318 0.0027494
0 0
0.65185 0.21262
0.043058 0
0.079734 0
0.40923 0.094898
0.032132 0
4.9984 0
0 0
3.4305 0.15549
0.93874 0.1945
0.069259 0
0 0
0 0
0.93798 0
0.59462 0.011549
0.0095908 0.0034095
0 0
0.82741 0.01754
0.67934 0.019269
0.45463 0
0.33192 0
0.51906 0
0 0
0.37242 0.18226
0 0
0.56246 0.032915
0.13939 0.014371
0 0
0 0
0 0
0.39099 0.02072
0.68167 0.1728
0.1005 0
0.47746 0
0.057337 0
1.0421 0.1736
0.38963 0.1582
0.4772 0.0065146
0 0
3.5979 0
0.041856 3.1159e-05
0.42637 0
0.7625 0.15062
0.048869 0
1.1616 0.53639
3.1342 0.59021
1.6003 0.019757
0.90644 0.27435
0.060174 0
0.10764 0
1.4493 0.1027
0.23899 0
0.3447 0
0.3652 0
0.61547 0
0.067935 0
0.15412 0.039715
0 0
0.12095 0.00020944
0 0
0 0
0 0
0.096289 0
0.15127 0.027737
1.1983 0
0.21294 0.0094802
0.35549 0.002942
0.097494 0
1.1837 0.0049353
0.052403 0
0.33804 0.018783
0.010099 0
1.0726 0
0.059414 0
0 0
0.064215 0
0.45541 0
0 0
0 0
0.34874 0.029001
0 0
0.4331 0
0.06701 0
0 0
0 0
0.14403 0
0.29749 0
1.4225 0
0.2173 0
0.37695 0.019695
0.31556 0
0 0
0.85694 0
0.75631 0
0.24779 0.0013731
0.14546 0
0.015685 0
0.52422 0
4.4241 3.4626
0.22037 0
0 0
0.97009 0.055107
0.077181 0
0.91264 0
0.17761 0
0 0
0.1069 0
0 0
0.021628 0.0039612
0.66776 0.11971
0.12649 0
0.18974 0.0075964
0 0.0017877
0.14624 0.045234
0 0
0.038153 0
0.0011691 0
