0
0
0
0
1.4962
0.127
0
0.21601
0
0.35911
0.11667
0.029415
0
0
0
0.55449
0
0.24725
0
0
0
0
0.10485
0
0
0
0
0
0.82532
0
0
0
0
0
0
0.46889
0
0.0040436
0
0
0
0
0
0
0
0.009058
0.029377
0
0
0
0
0
0.024677
0
0
0.0070026
3.9905e-05
0.0054183
0
0
0.0821
0
0
0
1.5301
0
0.0015772
0.0015941
0
0.17051
0.016249
0
0
0.0013909
0
2.8599
0
0
0
0
0
0
0.0027602
0.33449
0
0
0
0
0.052641
0
0
0
0
0
0.18208
0
0
0
0
0.049652
0
0.025953
0
0
0
0
0
0
0
0.0019326
0.0019881
0.32444
0
0.061199
0
0
0
0.00064083
0.056804
0
0
0
0
0
0
0
0.035795
0
0
0
0
0.010348
0
0.48745
0.28725
0
0
0.13478
0
0.16194
0
0
0
0
0.058147
0
0
0.068761
0
0
0
0
0
0
0
0
0.058533
0
0
0
0.0047472
0
0.0048999
0.013008
0.13688
0.0040869
0
0.034244
0
0
0
0
0.091536
0
0
0
0
0.11915
0.07285
0
0
0
0
0
0
0
0
0
0
0
0.013739
4.365
0
0
0
0
0
2.5653
0
0.061801
0
0
0
0
0
0.026448
0.06151
0
1.8916
0
0
0
0
0
0
0
0
0.18476
0
0.20546
0.19336
0.010013
0.16248
0.0198
0.017196
0
0.0040584
0
0.44066
0
0
0
0
0
0
0.013016
0
0
0
0
0
0
0
0
0
0
0.26908
0
0
0
0
0
0
0
0.21068
0.26656
0
0
0.0020806
0.14083
0
0
0
0
0
0.0043422
0
0
0
0
0.0071586
0
0
0
0
0
0
0.0088388
8.9988
0
0.012148
0
0
0.23452
0.015545
0.19425
0
0.18566
0
0
0
0.097732
0
0
0.17792
0
0
0
0.23676
0
0
0
0
0.013324
0
0
0.0064848
0
0.49386
0.039242
0
0
0
0
0.35543
0
0
0
0
0.0031446
0
0
0.18958
0
0.0013347
0
0
0.56404
0
0
0
0
0
0.0057965
0.034495
0
0
0
0.081015
0
0
0
0
0
0
0
0
0
0
0
0
2.3726
0
0
0
0
0
0.77188
0
0.17828
0
0.0096009
0
0
0
0
0.40272
0.015396
0.033831
0.48506
0
0.014449
0
0
0
0.087244
0
0.44797
0
0
0
0
0.37808
0
0.0043641
0
0
0.0052946
0
0
0.00089339
0
0
0.0024445
0.12313
0
0
0.020081
0
0
0
0
0.0026942
0.0044213
0.0043876
0.35846
0
0.35665
0
0.030347
0.3904
0.018764
0
0
0
0
0
0
0
0.00024664
0.045079
0
0
0
0
0
0
0.00064108
0
0
0
0
0
0
0
0
0
0
0.040564
0.002093
0.17383
0
0
1.0104
0
0.5532
0.19217
0.16003
0.24255
0
0
0.16067
0.36856
0
0
0
0
0
0.090036
0
0
0.10142
0
0
0
0
0
0.60876
0.066662
0
0
0.0068531
0.069595
0
0
0
0
0
0
0
0.0045866
0
0
0
0
0
0.0022041
0.064368
0.021587
0
0
0
0
0
0
0.21446
0.023873
0
0
0
0
0
0
0.29274
0
0.048888
0
0.079164
0
0
0
0.00079142
0
0
0.47274
0.32137
0
0
0
0
0
0.023162
0
0
2.5308
0
0.11485
0
0
0.071294
0
0
0
0
0
0
0.75648
0.0068062
0
0
0
0
0.020406
0
0
0.017745
0.071936
0.0056333
0
0.025047
0.36445
1.7709
0
0
0.099496
0
0
0
0.075749
0
0.0083521
0
0
0
0
0
0
0
0
0
0.10512
0
0.0082194
0.088969
0
0.15689
0
0.14149
0.23413
0.0088478
0
0
0.0066647
0
0.023161
0
0.1232
0
0
0
0
0.0089179
0
0
0
0
0
0
0
0.016495
0
0
0
0
0
0
0
0
0
0.062697
0
0
0
0
0
0
0
0
0.15555
0
0
0
0
0
0
0
0
0
0
0.0032855
0.0033213
0
0
0.13362
0.018524
0
0
0
0
0.51936
0
0.036259
0.68078
0
0
0
0
0
0
0
0
0.011722
0.052511
0.0027412
0
0
0.053799
0
0.014639
0.0056107
0
0
0.026648
0
0
0.24496
4.0429
0.013491
0
0.29043
0
0
0
0.019062
0
0
0
0
0
0
0
0
0
0
0
0.017965
0
0
0.060706
0
0
0
0
0
0
0.028662
0
0
0.017489
0.00087592
0.12395
0
0
0.0015114
0
0
0.0029265
0.083875
0
0
0.0017304
0.15759
0.11822
0.00020636
0
0
0.010305
0
0
0
0
0
0.063543
0
0
0.63755
0.37643
0.026911
0
0.09033
0
0.053715
0
0
0
0
0
0
0.0011029
0
0
0
0.017341
0.03078
0
0
0.060585
0.0017398
0.0087591
0
0.08031
0
0
0.25661
0
0
0
0
0
0
0.25807
0.11206
0.0028875
0
0.006061
0.12666
0
0.090107
0
0.072683
0
0
0
0
0
0.014737
0.00048878
0
0.0065337
0.0055287
0.47586
0
0
0
0
0
0
0
0
0.82214
0
0
0
0.58085
0
0.0056015
0
0
0
0
0
0.034377
0
0
0
0.37183
0
0
0
0.0056294
0
0
0.028066
0
0
0.038745
0
0
0.44962
0.26036
0.014695
0.0075355
0
0
0
0.2582
0
0.62932
0
0
0
0.15942
0
0.0052846
0.002933
0
0.12677
0
0
0
0
0
0
0
0
0.083606
0.3429
0.012201
0
0
0
0
0.0073917
0
0
0
0
0.028617
0.1993
0
0
0
0.0074034
0
0
0.0045459
0
0.070887
0
0
0.10495
0.0065239
0
0.00096217
0
0.35212
0
0
0.13328
0
0
0
0.0027494
0
0.21262
0
0
0.094898
0
0
0
0.15549
0.1945
0
0
0
0
0.011549
0.0034095
0
0.01754
0.019269
0
0
0
0
0.18226
0
0.032915
0.014371
0
0
0
0.02072
0.1728
0
0
0
0.1736
0.1582
0.0065146
0
0
3.1159e-05
0
0.15062
0
0.53639
0.59021
0.019757
0.27435
0
0
0.1027
0
0
0
0
0
0.039715
0
0.00020944
0
0
0
0
0.027737
0
0.0094802
0.002942
0
0.0049353
0
0.018783
0
0
0
0
0
0
0
0
0.029001
0
0
0
0
0
0
0
0
0
0.019695
0
0
0
0
0.0013731
0
0
0
3.4626
0
0
0.055107
0
0
0
0
0
0
0.0039612
0.11971
0
0.0075964
0.0017877
0.045234
0
0
0
